-0.4936155668375866 -0.4930050163530964
-0.4936155668375866 -0.5444014789100593
-0.4936155668375866 -0.5444014789100593
-0.5077163095399081 -0.5444014789100593
-0.4936155668375866 -0.527269324724405
-0.4936155668375866 -0.4758728621674421
-0.4936155668375866 -0.45874070798178784
-0.5077163095399081 -0.4244763996104793
-0.46541408143294366 -0.4758728621674421
-0.46541408143294366 -0.45874070798178784
-0.46541408143294366 -0.4758728621674421
-0.4936155668375866 -0.527269324724405
-0.5218170522422295 -0.4758728621674421
-0.5218170522422295 -0.527269324724405
-0.5500185376468725 -0.4930050163530964
-0.5782200230515155 -0.5101371705387507
-0.564119280349194 -0.5101371705387507
-0.564119280349194 -0.5101371705387507
-0.5218170522422295 -0.4758728621674421
-0.4936155668375866 -0.45874070798178784
-0.4936155668375866 -0.5101371705387507
-0.47951482413526514 -0.5444014789100593
-0.4936155668375866 -0.5786657872813679
-0.535917794944551 -0.5786657872813679
-0.5500185376468725 -0.5786657872813679
-0.5782200230515155 -0.5957979414670221
-0.564119280349194 -0.6129300956526764
-0.5782200230515155 -0.5786657872813679
-0.535917794944551 -0.5444014789100593
-0.47951482413526514 -0.5101371705387507
-0.4513133387306222 -0.4758728621674421
-0.3808096252190148 -0.44160855379613356
-0.33850739711205036 -0.407344245424825
-0.3103059117074074 -0.39021209123917067
-0.3103059117074074 -0.3559477828678621
-0.2962051690050859 -0.3559477828678621
-0.28210442630276444 -0.407344245424825
-0.28210442630276444 -0.3388156286822078
-0.26800368360044297 -0.3045513203108992
-0.23980219819579998 -0.28741916612524493
-0.21160071279115703 -0.21889054938262778
-0.18339922738651407 -0.2017583951969735
-0.1551977419818711 -0.13322977845435632
-0.1551977419818711 -0.15036193264001063
-0.1551977419818711 -0.1846262410113192
-0.1551977419818711 -0.21889054938262778
-0.23980219819579998 -0.21889054938262778
-0.2539029408981215 -0.27028701193959065
-0.2539029408981215 -0.32168347449655355
-0.26800368360044297 -0.3559477828678621
-0.28210442630276444 -0.39021209123917067
-0.3244066544097289 -0.45874070798178784
-0.33850739711205036 -0.4758728621674421
-0.39491036792133627 -0.45874070798178784
-0.40901111062365775 -0.44160855379613356
-0.4372125960283007 -0.4244763996104793
-0.46541408143294366 -0.4930050163530964
-0.46541408143294366 -0.39021209123917067
-0.47951482413526514 -0.4244763996104793
-0.4936155668375866 -0.4758728621674421
-0.535917794944551 -0.5615336330957136
-0.592320765753837 -0.6300622498383307
-0.6487237365631229 -0.6300622498383307
-0.7051267073724088 -0.6129300956526764
-0.6910259646700874 -0.6471944040239851
-0.7051267073724088 -0.6471944040239851
-0.7051267073724088 -0.6129300956526764
-0.7051267073724088 -0.5957979414670221
-0.6628244792654444 -0.6471944040239851
-0.6487237365631229 -0.6300622498383307
-0.6064215084561585 -0.6643265582096394
-0.6205222511584799 -0.6814587123952937
-0.6628244792654444 -0.6643265582096394
-0.6910259646700874 -0.7157230207666022
-0.6910259646700874 -0.7157230207666022
-0.7333281927770517 -0.6643265582096394
-0.7051267073724088 -0.6129300956526764
-0.6769252219677658 -0.5615336330957136
-0.6769252219677658 -0.5615336330957136
-0.6346229938608015 -0.5615336330957136
-0.6346229938608015 -0.5957979414670221
-0.592320765753837 -0.5444014789100593
-0.6346229938608015 -0.5444014789100593
-0.6205222511584799 -0.5444014789100593
-0.6205222511584799 -0.6129300956526764
-0.6910259646700874 -0.6129300956526764
-0.6910259646700874 -0.6129300956526764
-0.6487237365631229 -0.6129300956526764
-0.6487237365631229 -0.5957979414670221
-0.6205222511584799 -0.5786657872813679
-0.592320765753837 -0.527269324724405
-0.535917794944551 -0.4930050163530964
-0.5218170522422295 -0.45874070798178784
-0.5077163095399081 -0.45874070798178784
-0.5077163095399081 -0.4244763996104793
-0.47951482413526514 -0.39021209123917067
-0.4936155668375866 -0.32168347449655355
-0.40901111062365775 -0.21889054938262778
-0.2539029408981215 -0.04756900752608488
-0.014190314958656325 0.1580168427017666
0.3101267671947377 0.44926346385788957
0.7331490482643821 0.7405100850140125
1.2407757855479553 1.066021014541444
1.8189062363431359 1.4600605608114927
2.4252381725429597 1.7341750277819614
3.0738723368497474 1.8541001070815413
3.6520027876449284 1.8027036445245785
4.018622097905286 1.4771927149971469
4.075025068714573 0.8946994726849011
3.7507079865611788 0.1922811510730752
3.1020738222543907 -0.527269324724405
2.1009210903895656 -1.1440268754079594
0.8882572179899183 -1.709387963534551
-0.47951482413526514 -2.1034275098046
-1.7203801819395552 -2.46320274770334
-2.693331428399737 -2.6687885979311914
-3.215058908385632 -2.9257709107160057
-3.2573611364925963 -2.9771673732729687
-2.9894470251484884 -2.9771673732729687
-2.510021773269558 -2.9086387565303515
-1.9600928078790205 -2.651656443745537
-1.5229697841070546 -2.34327766840376
-1.1422497311443747 -1.9321059679480568
-0.8602348770979451 -1.4866699591210453
-0.6205222511584799 -1.0412339502940338
-0.4372125960283007 -0.6814587123952937
-0.3244066544097289 -0.3730799370535164
-0.26800368360044297 -0.1674940868256649
-0.23980219819579998 -0.04756900752608488
-0.2257014554934785 -0.013304699154776299
-0.2257014554934785 0.03809176340218657
-0.2539029408981215 0.020959609216532282
-0.26800368360044297 0.020959609216532282
-0.2962051690050859 0.020959609216532282
-0.28210442630276444 0.10662038014480374
-0.28210442630276444 0.1408846885161123
-0.23980219819579998 0.1751489968874209
-0.2257014554934785 0.20941330525872948
-0.21160071279115703 0.27794192200134665
-0.1692984846841926 0.27794192200134665
-0.1551977419818711 0.3636026929296181
-0.14109699927954963 0.3464705387439638
-0.14109699927954963 0.3807348471152724
-0.12699625657722816 0.3807348471152724
-0.12699625657722816 0.43213130967223523
-0.14109699927954963 0.43213130967223523
-0.14109699927954963 0.44926346385788957
-0.11289551387490668 0.534924234786161
-0.056492543065620765 0.534924234786161
-0.028291057660977805 0.6034528515287781
-8.957225633484616e-05 0.6034528515287781
0.014011170445986633 0.6205850057144324
0.07041414125527255 0.654849314085741
0.05631339855295107 0.6891136224570497
0.07041414125527255 0.6719814682713953
0.07041414125527255 0.7233779308283582
0.09861562665991551 0.7233779308283582
0.11271636936223699 0.7405100850140125
0.11271636936223699 0.7919065475709753
0.15501859746920144 0.8604351643135925
0.12681711206455845 0.946095935241864
0.1832200828738444 0.9803602436131725
0.22552231098080883 1.066021014541444
0.2537237963854518 1.1174174770984069
0.2960260244924162 1.1516817854697154
0.3242275098970592 1.2202104022123326
0.3665297380040236 1.237342556397987
0.3806304807063451 1.2887390189549497
0.40883196611098804 1.2887390189549497
0.4229327088133095 1.3230033273262582
0.437033451515631 1.3915319440688756
0.46523493692027396 1.4257962524401842
0.47933567962259543 1.5457213317397642
0.5216379077295599 1.6142499484823813
0.5639401358365244 1.717042873596307
0.6203431066458103 1.76843933615327
0.7049475628597391 1.8198357987102327
0.761350533669025 1.8883644154528498
0.789552019073668 1.9226287238241586
0.8036527617759894 1.9740251863811213
0.8318542471806324 2.0425538031237385
0.817753504478311 2.0596859573093926
0.8459549898829539 2.0939502656807014
0.8741564752875969 2.24813965335159
0.9164587033945613 2.2652718075372444
0.9728616742038472 2.3338004242798616
1.0151639023108117 2.3851968868368245
1.0433653877154545 2.436593349393787
1.0715668731200976 2.3851968868368245
1.0433653877154545 2.470857657765096
1.0574661304177762 2.419461195208133
1.0433653877154545 2.4023290410224787
1.0151639023108117 2.4023290410224787
1.0151639023108117 2.3338004242798616
1.029264645013133 2.3166682700942074
1.0151639023108117 2.3338004242798616
1.0433653877154545 2.299536115908553
1.0715668731200976 2.2824039617228986
1.0574661304177762 2.24813965335159
1.0151639023108117 2.1796110366089727
1.0151639023108117 2.1110824198663556
0.9728616742038472 1.9740251863811213
0.9587609315015257 1.8712322612671957
0.8882572179899183 1.7855714903389241
0.8318542471806324 1.6142499484823813
0.7331490482643821 1.5114570233684554
0.6626453347527747 1.3743997898832212
0.5357386504318814 1.2887390189549497
0.46523493692027396 1.1688139396553698
0.4229327088133095 1.066021014541444
0.3101267671947377 0.9632280894275183
0.26782453908777326 0.8604351643135925
0.1691193401715229 0.7233779308283582
0.1691193401715229 0.6034528515287781
0.07041414125527255 0.5006599264148525
0.02811191314830811 0.3464705387439638
-0.04239180036329928 0.2608097678156924
-0.12699625657722816 0.1922811510730752
-0.19749997008883555 0.10662038014480374
-0.23980219819579998 0.07235607177349515
-0.26800368360044297 0.07235607177349515
-0.28210442630276444 0.055223917587840864
-0.3103059117074074 0.020959609216532282
-0.2962051690050859 -0.03043685334043059
-0.3103059117074074 -0.06470116171173917
-0.2962051690050859 -0.08183331589739345
-0.33850739711205036 -0.13322977845435632
-0.3667088825166933 -0.15036193264001063
-0.4513133387306222 -0.21889054938262778
-0.4936155668375866 -0.1846262410113192
-0.4936155668375866 -0.2017583951969735
-0.5077163095399081 -0.1846262410113192
-0.46541408143294366 -0.21889054938262778
-0.4513133387306222 -0.1674940868256649
-0.4231118533259792 -0.2017583951969735
-0.40901111062365775 -0.1674940868256649
-0.40901111062365775 -0.2017583951969735
-0.40901111062365775 -0.2017583951969735
-0.4231118533259792 -0.21889054938262778
-0.47951482413526514 -0.25315485775393637
-0.46541408143294366 -0.3045513203108992
-0.47951482413526514 -0.25315485775393637
-0.47951482413526514 -0.25315485775393637
-0.47951482413526514 -0.21889054938262778
-0.4231118533259792 -0.1846262410113192
-0.39491036792133627 -0.1674940868256649
-0.3808096252190148 -0.13322977845435632
-0.40901111062365775 -0.11609762426870204
-0.39491036792133627 -0.13322977845435632
-0.35260813981437183 -0.11609762426870204
-0.3808096252190148 -0.15036193264001063
-0.3808096252190148 -0.2017583951969735
-0.3667088825166933 -0.2017583951969735
-0.39491036792133627 -0.21889054938262778
-0.33850739711205036 -0.2017583951969735
-0.35260813981437183 -0.1846262410113192
-0.35260813981437183 -0.2017583951969735
-0.35260813981437183 -0.15036193264001063
-0.3244066544097289 -0.11609762426870204
-0.3244066544097289 -0.08183331589739345
-0.3103059117074074 -0.13322977845435632
-0.2962051690050859 -0.11609762426870204
-0.26800368360044297 -0.1674940868256649
-0.2962051690050859 -0.1674940868256649
-0.3103059117074074 -0.2017583951969735
-0.35260813981437183 -0.23602270356828206
-0.35260813981437183 -0.2017583951969735
-0.3808096252190148 -0.25315485775393637
-0.3808096252190148 -0.2017583951969735
-0.35260813981437183 -0.23602270356828206
-0.33850739711205036 -0.1846262410113192
-0.3103059117074074 -0.1846262410113192
-0.2962051690050859 -0.2017583951969735
-0.2962051690050859 -0.23602270356828206
-0.3103059117074074 -0.27028701193959065
-0.33850739711205036 -0.27028701193959065
-0.3667088825166933 -0.3388156286822078
-0.40901111062365775 -0.32168347449655355
-0.4231118533259792 -0.32168347449655355
-0.4231118533259792 -0.32168347449655355
-0.40901111062365775 -0.25315485775393637
-0.40901111062365775 -0.3045513203108992
-0.3667088825166933 -0.3045513203108992
-0.39491036792133627 -0.3045513203108992
-0.39491036792133627 -0.3045513203108992
-0.3808096252190148 -0.3388156286822078
-0.39491036792133627 -0.3559477828678621
-0.39491036792133627 -0.3730799370535164
-0.40901111062365775 -0.44160855379613356
-0.4513133387306222 -0.39021209123917067
-0.4513133387306222 -0.407344245424825
-0.4231118533259792 -0.39021209123917067
-0.4231118533259792 -0.3730799370535164
-0.4513133387306222 -0.3388156286822078
-0.4513133387306222 -0.3388156286822078
-0.4372125960283007 -0.3045513203108992
-0.4372125960283007 -0.3045513203108992
-0.4513133387306222 -0.3045513203108992
-0.47951482413526514 -0.3559477828678621
-0.4513133387306222 -0.4244763996104793
-0.47951482413526514 -0.44160855379613356
-0.5077163095399081 -0.4758728621674421
-0.5077163095399081 -0.4930050163530964
-0.4936155668375866 -0.4930050163530964
-0.46541408143294366 -0.44160855379613356
-0.5077163095399081 -0.44160855379613356
-0.46541408143294366 -0.407344245424825
-0.4513133387306222 -0.3388156286822078
-0.4372125960283007 -0.3730799370535164
-0.4231118533259792 -0.3559477828678621
-0.40901111062365775 -0.3730799370535164
-0.4513133387306222 -0.4244763996104793
-0.4513133387306222 -0.44160855379613356
-0.4936155668375866 -0.5101371705387507
-0.5077163095399081 -0.45874070798178784
-0.5218170522422295 -0.4930050163530964
-0.5500185376468725 -0.45874070798178784
-0.5218170522422295 -0.44160855379613356
-0.5077163095399081 -0.39021209123917067
-0.4513133387306222 -0.3559477828678621
-0.4372125960283007 -0.3559477828678621
-0.4372125960283007 -0.3559477828678621
-0.39491036792133627 -0.3730799370535164
-0.4231118533259792 -0.3730799370535164
-0.39491036792133627 -0.407344245424825
-0.3808096252190148 -0.3388156286822078
-0.35260813981437183 -0.3045513203108992
-0.33850739711205036 -0.32168347449655355
-0.2962051690050859 -0.23602270356828206
-0.23980219819579998 -0.21889054938262778
-0.2257014554934785 -0.11609762426870204
-0.1551977419818711 -0.13322977845435632
-0.11289551387490668 -0.09896547008304775
-0.08469402847026372 -0.03043685334043059
-0.08469402847026372 -0.013304699154776299
-0.08469402847026372 -0.03043685334043059
-0.11289551387490668 -0.03043685334043059
-0.14109699927954963 -0.04756900752608488
-0.0987947711725852 -0.06470116171173917
-0.1551977419818711 -0.06470116171173917
-0.1551977419818711 -0.08183331589739345
-0.1551977419818711 -0.06470116171173917
-0.1692984846841926 -0.08183331589739345
-0.18339922738651407 -0.13322977845435632
-0.18339922738651407 -0.13322977845435632
-0.23980219819579998 -0.2017583951969735
-0.28210442630276444 -0.25315485775393637
-0.35260813981437183 -0.3045513203108992
-0.3808096252190148 -0.3388156286822078
-0.4372125960283007 -0.39021209123917067
-0.39491036792133627 -0.3730799370535164
-0.46541408143294366 -0.3730799370535164
-0.47951482413526514 -0.407344245424825
-0.47951482413526514 -0.44160855379613356
-0.5218170522422295 -0.4244763996104793
-0.535917794944551 -0.4244763996104793
-0.5500185376468725 -0.44160855379613356
-0.5500185376468725 -0.45874070798178784
-0.5782200230515155 -0.4758728621674421
-0.5782200230515155 -0.527269324724405
-0.5782200230515155 -0.5615336330957136
-0.592320765753837 -0.5444014789100593
-0.6205222511584799 -0.5444014789100593
-0.6346229938608015 -0.4930050163530964
-0.6628244792654444 -0.5101371705387507
-0.6205222511584799 -0.44160855379613356
-0.5782200230515155 -0.44160855379613356
-0.564119280349194 -0.4758728621674421
-0.5218170522422295 -0.4930050163530964
-0.535917794944551 -0.5615336330957136
-0.535917794944551 -0.527269324724405
-0.564119280349194 -0.5615336330957136
-0.5782200230515155 -0.5615336330957136
-0.592320765753837 -0.5786657872813679
-0.6064215084561585 -0.527269324724405
-0.6205222511584799 -0.5101371705387507
-0.5782200230515155 -0.4930050163530964
-0.564119280349194 -0.44160855379613356
-0.535917794944551 -0.45874070798178784
-0.5077163095399081 -0.3730799370535164
-0.4936155668375866 -0.39021209123917067
-0.4936155668375866 -0.4244763996104793
-0.4936155668375866 -0.4244763996104793
-0.5218170522422295 -0.44160855379613356
-0.5218170522422295 -0.407344245424825
-0.5218170522422295 -0.44160855379613356
-0.4936155668375866 -0.39021209123917067
-0.46541408143294366 -0.32168347449655355
-0.4372125960283007 -0.21889054938262778
-0.3667088825166933 -0.06470116171173917
-0.21160071279115703 0.07235607177349515
0.014011170445986633 0.27794192200134665
0.33832825259938065 0.5006599264148525
0.761350533669025 0.8775673184992469
1.3112794990595626 1.2030782480266784
1.8753092071524218 1.5628534859254184
2.52394337145921 1.8541001070815413
3.1302753076590335 1.9397608780098128
3.680204273049571 1.76843933615327
4.032722840607608 1.2716068647692955
4.117327296821537 0.44926346385788957
3.905816156286715 -0.4758728621674421
3.2994842200868915 -1.4010091881927738
2.439338915245281 -2.1548239723615628
1.3817832125711702 -2.7030529063024997
0.19732082557616587 -3.0970924525725487
-0.9871415614188384 -3.354074765357363
-2.1716039484138427 -3.5082641530282515
-3.017648510553131 -3.6281892323278315
-3.412469306218133 -3.5767927697708686
-3.3137641073018824 -3.42260338209998
-2.8484395981252737 -3.165621069315166
-2.213906176520807 -2.7373172146738085
-1.593473497618662 -2.274749051661143
-1.0153430468234814 -1.760784426091514
-0.6064215084561585 -1.1954233379649224
-0.3667088825166933 -0.7842516375092193
-0.23980219819579998 -0.44160855379613356
-0.2539029408981215 -0.13322977845435632
-0.26800368360044297 0.0038274550308779907
-0.33850739711205036 0.055223917587840864
-0.3808096252190148 0.07235607177349515
-0.40901111062365775 0.08948822595914944
-0.39491036792133627 0.1408846885161123
-0.40901111062365775 0.1751489968874209
-0.3103059117074074 0.27794192200134665
-0.28210442630276444 0.3293383845583095
-0.2257014554934785 0.39786700130092667
-0.18339922738651407 0.43213130967223523
-0.18339922738651407 0.46639561804354385
-0.18339922738651407 0.46639561804354385
-0.18339922738651407 0.4835277722291981
-0.21160071279115703 0.5006599264148525
-0.2257014554934785 0.5006599264148525
-0.19749997008883555 0.5691885431574696
-0.18339922738651407 0.5691885431574696
-0.1551977419818711 0.6377171599000867
-0.14109699927954963 0.6377171599000867
-0.11289551387490668 0.6205850057144324
-0.07059328576794224 0.6891136224570497
-0.056492543065620765 0.6891136224570497
-0.056492543065620765 0.7062457766427039
-0.056492543065620765 0.7233779308283582
-0.028291057660977805 0.7919065475709753
-0.028291057660977805 0.8261708559422839
0.014011170445986633 0.8261708559422839
-8.957225633484616e-05 0.8261708559422839
0.014011170445986633 0.9118316268705554
0.04221265585062959 0.9632280894275183
0.07041414125527255 1.066021014541444
0.09861562665991551 1.0488888603557898
0.11271636936223699 1.1688139396553698
0.15501859746920144 1.2202104022123326
0.19732082557616587 1.2887390189549497
0.22552231098080883 1.2887390189549497
0.2537237963854518 1.3230033273262582
0.28192528179009474 1.3743997898832212
0.2960260244924162 1.4086640982545298
0.2960260244924162 1.4943248691828013
0.2960260244924162 1.5457213317397642
0.3242275098970592 1.64851425685369
0.39473122340866656 1.717042873596307
0.4511341942179525 1.8712322612671957
0.5498393931342028 1.9740251863811213
0.5921416212411673 2.0254216489380843
0.6203431066458103 2.0596859573093926
0.6626453347527747 2.12821457405201
0.6767460774550962 2.12821457405201
0.6908468201574176 2.1110824198663556
0.7049475628597391 2.1967431907946273
0.7190483055620606 2.2824039617228986
0.7331490482643821 2.3509325784655157
0.8036527617759894 2.4537255035794416
0.817753504478311 2.539386274507713
0.9164587033945613 2.642179199621639
0.9728616742038472 2.710707816364256
1.0151639023108117 2.693575662178602
1.0574661304177762 2.779236433106873
1.0433653877154545 2.7449721247355643
1.0151639023108117 2.72783997054991
1.029264645013133 2.762104278921219
1.0010631596084902 2.7449721247355643
1.029264645013133 2.72783997054991
1.0433653877154545 2.72783997054991
1.029264645013133 2.779236433106873
1.0574661304177762 2.7963685872925272
1.0574661304177762 2.779236433106873
1.0997683585247404 2.762104278921219
1.0574661304177762 2.7449721247355643
1.0574661304177762 2.676443507992947
1.029264645013133 2.625047045435984
1.0010631596084902 2.48798981195075
0.9869624169061687 2.36806473265117
0.9305594460968828 2.2138753449802815
0.8459549898829539 2.0939502656807014
0.817753504478311 1.9568930321954672
0.7754512763713465 1.8883644154528498
0.7472497909667035 1.76843933615327
0.6767460774550962 1.6999107194106526
0.6626453347527747 1.5799856401110728
0.5780408785388458 1.4771927149971469
0.5216379077295599 1.305871173140604
0.4511341942179525 1.134549631284061
0.35242899530170213 0.9803602436131725
0.28192528179009474 0.8090387017566296
0.1691193401715229 0.7233779308283582
0.11271636936223699 0.5863206973431239
0.04221265585062959 0.534924234786161
-0.014190314958656325 0.5177920806005067
-0.07059328576794224 0.3807348471152724
-0.08469402847026372 0.3464705387439638
-0.11289551387490668 0.29507407618700093
-0.14109699927954963 0.24367761363003806
-0.18339922738651407 0.1751489968874209
-0.21160071279115703 0.12375253433045802
-0.28210442630276444 0.055223917587840864
-0.28210442630276444 -0.013304699154776299
-0.3667088825166933 -0.013304699154776299
-0.40901111062365775 -0.13322977845435632
-0.4231118533259792 -0.08183331589739345
-0.46541408143294366 -0.13322977845435632
-0.40901111062365775 -0.08183331589739345
-0.39491036792133627 -0.06470116171173917
-0.3667088825166933 -0.04756900752608488
-0.35260813981437183 -0.06470116171173917
-0.3808096252190148 -0.11609762426870204
-0.40901111062365775 -0.13322977845435632
-0.4372125960283007 -0.1846262410113192
-0.46541408143294366 -0.2017583951969735
-0.4936155668375866 -0.23602270356828206
-0.47951482413526514 -0.21889054938262778
-0.47951482413526514 -0.1846262410113192
-0.46541408143294366 -0.13322977845435632
-0.4372125960283007 -0.11609762426870204
-0.39491036792133627 -0.08183331589739345
-0.40901111062365775 -0.08183331589739345
-0.39491036792133627 -0.09896547008304775
-0.39491036792133627 -0.11609762426870204
-0.40901111062365775 -0.11609762426870204
-0.40901111062365775 -0.13322977845435632
-0.40901111062365775 -0.15036193264001063
-0.4231118533259792 -0.15036193264001063
-0.4372125960283007 -0.1674940868256649
-0.4231118533259792 -0.1674940868256649
-0.39491036792133627 -0.15036193264001063
-0.39491036792133627 -0.15036193264001063
-0.39491036792133627 -0.09896547008304775
-0.39491036792133627 -0.04756900752608488
-0.39491036792133627 -0.06470116171173917
-0.3808096252190148 -0.09896547008304775
-0.3667088825166933 -0.08183331589739345
-0.33850739711205036 -0.09896547008304775
-0.35260813981437183 -0.11609762426870204
-0.3667088825166933 -0.13322977845435632
-0.39491036792133627 -0.1846262410113192
-0.40901111062365775 -0.13322977845435632
-0.3808096252190148 -0.09896547008304775
-0.3667088825166933 -0.06470116171173917
-0.35260813981437183 -0.04756900752608488
-0.35260813981437183 -0.06470116171173917
-0.35260813981437183 -0.09896547008304775
-0.33850739711205036 -0.13322977845435632
-0.3244066544097289 -0.1674940868256649
-0.3244066544097289 -0.1674940868256649
-0.35260813981437183 -0.1846262410113192
-0.40901111062365775 -0.23602270356828206
-0.4231118533259792 -0.2017583951969735
-0.4513133387306222 -0.2017583951969735
-0.4372125960283007 -0.21889054938262778
-0.4231118533259792 -0.1846262410113192
-0.4231118533259792 -0.1846262410113192
-0.3808096252190148 -0.1674940868256649
-0.3808096252190148 -0.1846262410113192
-0.3808096252190148 -0.15036193264001063
-0.39491036792133627 -0.1846262410113192
-0.40901111062365775 -0.23602270356828206
-0.4513133387306222 -0.23602270356828206
-0.4936155668375866 -0.25315485775393637
-0.4936155668375866 -0.3045513203108992
-0.535917794944551 -0.3045513203108992
-0.4936155668375866 -0.27028701193959065
-0.4936155668375866 -0.27028701193959065
-0.4936155668375866 -0.3045513203108992
-0.47951482413526514 -0.28741916612524493
-0.47951482413526514 -0.28741916612524493
-0.5077163095399081 -0.3388156286822078
-0.5077163095399081 -0.3559477828678621
-0.5782200230515155 -0.3559477828678621
-0.564119280349194 -0.39021209123917067
-0.564119280349194 -0.407344245424825
-0.5782200230515155 -0.44160855379613356
-0.5782200230515155 -0.39021209123917067
-0.5782200230515155 -0.39021209123917067
-0.5500185376468725 -0.3559477828678621
-0.5500185376468725 -0.3730799370535164
-0.535917794944551 -0.3388156286822078
-0.564119280349194 -0.3730799370535164
-0.535917794944551 -0.39021209123917067
-0.5218170522422295 -0.3730799370535164
-0.5218170522422295 -0.44160855379613356
-0.564119280349194 -0.4758728621674421
-0.5782200230515155 -0.44160855379613356
-0.6346229938608015 -0.4930050163530964
-0.6346229938608015 -0.44160855379613356
-0.6205222511584799 -0.4244763996104793
-0.5782200230515155 -0.39021209123917067
-0.564119280349194 -0.3559477828678621
-0.5218170522422295 -0.3388156286822078
-0.5077163095399081 -0.3559477828678621
-0.5218170522422295 -0.39021209123917067
-0.5218170522422295 -0.407344245424825
-0.5218170522422295 -0.44160855379613356
-0.5500185376468725 -0.4758728621674421
-0.5782200230515155 -0.45874070798178784
-0.6064215084561585 -0.4930050163530964
-0.6064215084561585 -0.45874070798178784
-0.5782200230515155 -0.4244763996104793
-0.535917794944551 -0.3559477828678621
-0.5218170522422295 -0.3730799370535164
-0.4513133387306222 -0.32168347449655355
-0.4231118533259792 -0.32168347449655355
-0.40901111062365775 -0.28741916612524493
-0.40901111062365775 -0.3045513203108992
-0.3808096252190148 -0.3045513203108992
-0.3667088825166933 -0.25315485775393637
-0.3244066544097289 -0.28741916612524493
-0.3244066544097289 -0.25315485775393637
-0.2962051690050859 -0.21889054938262778
-0.23980219819579998 -0.11609762426870204
-0.21160071279115703 -0.08183331589739345
-0.1692984846841926 -0.013304699154776299
-0.1551977419818711 0.055223917587840864
-0.14109699927954963 0.07235607177349515
-0.14109699927954963 0.07235607177349515
-0.1692984846841926 0.03809176340218657
-0.1692984846841926 -0.03043685334043059
-0.19749997008883555 -0.11609762426870204
-0.21160071279115703 -0.13322977845435632
-0.2257014554934785 -0.2017583951969735
-0.2539029408981215 -0.23602270356828206
-0.2962051690050859 -0.28741916612524493
-0.3667088825166933 -0.27028701193959065
-0.40901111062365775 -0.3045513203108992
-0.4231118533259792 -0.3045513203108992
-0.4231118533259792 -0.32168347449655355
-0.4372125960283007 -0.3559477828678621
-0.40901111062365775 -0.3559477828678621
-0.4513133387306222 -0.3559477828678621
-0.4513133387306222 -0.407344245424825
-0.535917794944551 -0.407344245424825
-0.5782200230515155 -0.4244763996104793
-0.6346229938608015 -0.4758728621674421
-0.6910259646700874 -0.44160855379613356
-0.6769252219677658 -0.4930050163530964
-0.6628244792654444 -0.5101371705387507
-0.6628244792654444 -0.45874070798178784
-0.6205222511584799 -0.4758728621674421
-0.6064215084561585 -0.4930050163530964
-0.6346229938608015 -0.4930050163530964
-0.6064215084561585 -0.5444014789100593
-0.6769252219677658 -0.5786657872813679
-0.6910259646700874 -0.5615336330957136
-0.7051267073724088 -0.5444014789100593
-0.7192274500747303 -0.5615336330957136
-0.7333281927770517 -0.527269324724405
-0.6910259646700874 -0.5101371705387507
-0.6769252219677658 -0.4758728621674421
-0.6628244792654444 -0.4930050163530964
-0.6346229938608015 -0.4930050163530964
-0.6205222511584799 -0.45874070798178784
-0.6487237365631229 -0.5101371705387507
-0.6769252219677658 -0.4930050163530964
-0.6628244792654444 -0.4930050163530964
-0.6769252219677658 -0.4930050163530964
-0.6769252219677658 -0.4930050163530964
-0.6628244792654444 -0.4758728621674421
-0.6769252219677658 -0.45874070798178784
-0.6346229938608015 -0.5101371705387507
-0.5782200230515155 -0.4758728621674421
-0.5500185376468725 -0.45874070798178784
-0.5218170522422295 -0.407344245424825
-0.535917794944551 -0.407344245424825
-0.47951482413526514 -0.39021209123917067
-0.5077163095399081 -0.3045513203108992
-0.4372125960283007 -0.25315485775393637
-0.35260813981437183 -0.1846262410113192
-0.2539029408981215 0.0038274550308779907
-0.014190314958656325 0.27794192200134665
0.3101267671947377 0.5006599264148525
0.761350533669025 0.8604351643135925
1.2830780136549198 1.237342556397987
1.9176114352593863 1.5457213317397642
2.580346342268496 1.8198357987102327
3.271282734682248 1.7341750277819614
3.793010214668143 1.3230033273262582
4.04682358330993 0.534924234786161
3.9763198697983224 -0.4244763996104793
3.4263909044077847 -1.5038021133066997
2.5662455995661744 -2.3775419767750683
1.466387668785099 -3.011431681644277
0.1832200828738444 -3.4397355362856343
-1.1422497311443747 -3.6967178490704486
-2.270309147330093 -3.7481143116274116
-3.017648510553131 -3.7652464658130658
-3.215058908385632 -3.5767927697708686
-2.975346282446167 -3.3198104569860543
-2.4395180597579507 -2.960035219087314
-1.8472868662604487 -2.5488635186316113
-1.2832571581675893 -2.052031047247637
-0.8320333916933021 -1.5209342674923538
-0.535917794944551 -1.0412339502940338
-0.33850739711205036 -0.5786657872813679
-0.2539029408981215 -0.28741916612524493
-0.2539029408981215 -0.06470116171173917
-0.26800368360044297 0.08948822595914944
-0.3244066544097289 0.12375253433045802
-0.33850739711205036 0.1580168427017666
-0.33850739711205036 0.20941330525872948
-0.33850739711205036 0.20941330525872948
-0.3244066544097289 0.22654545944438376
-0.2962051690050859 0.29507407618700093
-0.28210442630276444 0.27794192200134665
-0.3103059117074074 0.3636026929296181
-0.23980219819579998 0.43213130967223523
-0.23980219819579998 0.44926346385788957
-0.21160071279115703 0.5177920806005067
-0.21160071279115703 0.5520563889718153
-0.19749997008883555 0.5520563889718153
-0.1692984846841926 0.6205850057144324
-0.14109699927954963 0.654849314085741
-0.14109699927954963 0.6377171599000867
-0.12699625657722816 0.654849314085741
-0.11289551387490668 0.654849314085741
-0.11289551387490668 0.6719814682713953
-0.11289551387490668 0.6719814682713953
-0.12699625657722816 0.7576422391996668
-0.12699625657722816 0.7405100850140125
-0.08469402847026372 0.8261708559422839
-0.056492543065620765 0.8775673184992469
-0.014190314958656325 0.8946994726849011
0.02811191314830811 0.9632280894275183
0.07041414125527255 0.9974923977988268
0.07041414125527255 1.0488888603557898
0.08451488395759403 1.0488888603557898
0.09861562665991551 1.1002853229127525
0.14091785476687996 1.1688139396553698
0.12681711206455845 1.2030782480266784
0.14091785476687996 1.2716068647692955
0.19732082557616587 1.3230033273262582
0.21142156827848735 1.357267635697567
0.26782453908777326 1.4086640982545298
0.3101267671947377 1.4771927149971469
0.35242899530170213 1.5628534859254184
0.35242899530170213 1.597117794296727
0.40883196611098804 1.5799856401110728
0.4229327088133095 1.64851425685369
0.4229327088133095 1.64851425685369
0.47933567962259543 1.6827785652249985
0.46523493692027396 1.8027036445245785
0.5075371650272384 1.836967952895887
0.5498393931342028 1.9054965696385042
0.5921416212411673 2.0425538031237385
0.6485445920504532 2.1624788824233185
0.6626453347527747 2.24813965335159
0.7331490482643821 2.299536115908553
0.7472497909667035 2.3338004242798616
0.789552019073668 2.419461195208133
0.817753504478311 2.4537255035794416
0.8459549898829539 2.4537255035794416
0.8741564752875969 2.470857657765096
0.9023579606922398 2.539386274507713
0.9164587033945613 2.590782737064676
0.9164587033945613 2.642179199621639
0.9446601887992042 2.676443507992947
0.9446601887992042 2.72783997054991
0.9728616742038472 2.7963685872925272
0.9869624169061687 2.762104278921219
1.0010631596084902 2.779236433106873
1.0715668731200976 2.779236433106873
1.0574661304177762 2.7449721247355643
1.0715668731200976 2.659311353807293
1.029264645013133 2.642179199621639
1.0151639023108117 2.60791489125033
0.9728616742038472 2.590782737064676
0.9869624169061687 2.5222541203220588
0.9869624169061687 2.470857657765096
1.0010631596084902 2.3851968868368245
0.9869624169061687 2.3338004242798616
0.9305594460968828 2.2138753449802815
0.9305594460968828 2.0939502656807014
0.8600557325852753 1.9568930321954672
0.789552019073668 1.76843933615327
0.6908468201574176 1.64851425685369
0.6062423639434887 1.4429284066258383
0.5075371650272384 1.2887390189549497
0.4229327088133095 1.1688139396553698
0.35242899530170213 0.9974923977988268
0.2960260244924162 0.9118316268705554
0.22552231098080883 0.8261708559422839
0.1832200828738444 0.7405100850140125
0.12681711206455845 0.654849314085741
0.08451488395759403 0.5006599264148525
-0.028291057660977805 0.39786700130092667
-0.07059328576794224 0.3122062303726552
-0.14109699927954963 0.22654545944438376
-0.1692984846841926 0.1580168427017666
-0.2257014554934785 0.08948822595914944
-0.2539029408981215 0.03809176340218657
-0.26800368360044297 0.020959609216532282
-0.3244066544097289 0.0038274550308779907
-0.3244066544097289 -0.03043685334043059
-0.3244066544097289 -0.013304699154776299
-0.33850739711205036 -0.04756900752608488
-0.35260813981437183 -0.08183331589739345
-0.3667088825166933 -0.06470116171173917
-0.3667088825166933 -0.13322977845435632
-0.3667088825166933 -0.1846262410113192
-0.3667088825166933 -0.23602270356828206
-0.3667088825166933 -0.27028701193959065
-0.4372125960283007 -0.28741916612524493
-0.4231118533259792 -0.23602270356828206
-0.4513133387306222 -0.21889054938262778
-0.4513133387306222 -0.2017583951969735
-0.4231118533259792 -0.2017583951969735
-0.3808096252190148 -0.1846262410113192
-0.39491036792133627 -0.23602270356828206
-0.39491036792133627 -0.21889054938262778
-0.39491036792133627 -0.27028701193959065
-0.4231118533259792 -0.3045513203108992
-0.4231118533259792 -0.27028701193959065
-0.4372125960283007 -0.25315485775393637
-0.4513133387306222 -0.21889054938262778
-0.4372125960283007 -0.23602270356828206
-0.39491036792133627 -0.21889054938262778
-0.35260813981437183 -0.1846262410113192
-0.35260813981437183 -0.15036193264001063
-0.33850739711205036 -0.13322977845435632
-0.3244066544097289 -0.1674940868256649
-0.35260813981437183 -0.13322977845435632
-0.35260813981437183 -0.1846262410113192
-0.3667088825166933 -0.2017583951969735
-0.3808096252190148 -0.2017583951969735
-0.39491036792133627 -0.23602270356828206
-0.4231118533259792 -0.21889054938262778
-0.40901111062365775 -0.1846262410113192
-0.3808096252190148 -0.1846262410113192
-0.35260813981437183 -0.15036193264001063
-0.3244066544097289 -0.11609762426870204
-0.3103059117074074 -0.06470116171173917
-0.2962051690050859 -0.13322977845435632
-0.3103059117074074 -0.15036193264001063
-0.3244066544097289 -0.2017583951969735
-0.3808096252190148 -0.25315485775393637
-0.3667088825166933 -0.23602270356828206
-0.39491036792133627 -0.27028701193959065
-0.40901111062365775 -0.25315485775393637
-0.4231118533259792 -0.27028701193959065
-0.39491036792133627 -0.23602270356828206
-0.3808096252190148 -0.25315485775393637
-0.3808096252190148 -0.23602270356828206
-0.35260813981437183 -0.2017583951969735
-0.40901111062365775 -0.25315485775393637
-0.3808096252190148 -0.28741916612524493
-0.3808096252190148 -0.25315485775393637
-0.39491036792133627 -0.3388156286822078
-0.4372125960283007 -0.3388156286822078
-0.4372125960283007 -0.407344245424825
-0.4936155668375866 -0.4244763996104793
-0.46541408143294366 -0.45874070798178784
-0.40901111062365775 -0.39021209123917067
-0.4513133387306222 -0.407344245424825
-0.46541408143294366 -0.39021209123917067
-0.46541408143294366 -0.3388156286822078
-0.46541408143294366 -0.39021209123917067
-0.46541408143294366 -0.3730799370535164
-0.46541408143294366 -0.3730799370535164
-0.46541408143294366 -0.4244763996104793
-0.46541408143294366 -0.44160855379613356
-0.5218170522422295 -0.45874070798178784
-0.535917794944551 -0.4244763996104793
-0.5782200230515155 -0.44160855379613356
-0.592320765753837 -0.4244763996104793
-0.535917794944551 -0.44160855379613356
-0.47951482413526514 -0.3730799370535164
-0.4936155668375866 -0.4244763996104793
-0.47951482413526514 -0.44160855379613356
-0.47951482413526514 -0.44160855379613356
-0.47951482413526514 -0.5101371705387507
-0.535917794944551 -0.527269324724405
-0.5782200230515155 -0.5444014789100593
-0.6064215084561585 -0.6129300956526764
-0.6346229938608015 -0.5615336330957136
-0.6346229938608015 -0.5101371705387507
-0.6205222511584799 -0.4758728621674421
-0.564119280349194 -0.4930050163530964
-0.535917794944551 -0.4930050163530964
-0.5218170522422295 -0.4930050163530964
-0.535917794944551 -0.5444014789100593
-0.535917794944551 -0.4930050163530964
-0.5782200230515155 -0.5101371705387507
-0.564119280349194 -0.5615336330957136
-0.5782200230515155 -0.5615336330957136
-0.592320765753837 -0.5444014789100593
-0.6205222511584799 -0.527269324724405
-0.6346229938608015 -0.5444014789100593
-0.592320765753837 -0.527269324724405
-0.592320765753837 -0.5101371705387507
-0.5782200230515155 -0.4758728621674421
-0.564119280349194 -0.4758728621674421
-0.564119280349194 -0.5101371705387507
-0.5500185376468725 -0.5101371705387507
-0.5782200230515155 -0.5444014789100593
-0.592320765753837 -0.5615336330957136
-0.6346229938608015 -0.5786657872813679
-0.6064215084561585 -0.5957979414670221
-0.6064215084561585 -0.5786657872813679
-0.6205222511584799 -0.5615336330957136
-0.6064215084561585 -0.5615336330957136
-0.592320765753837 -0.4758728621674421
-0.5782200230515155 -0.4758728621674421
-0.5782200230515155 -0.4758728621674421
-0.6064215084561585 -0.4758728621674421
-0.5218170522422295 -0.44160855379613356
-0.5218170522422295 -0.4758728621674421
-0.5077163095399081 -0.4758728621674421
-0.4936155668375866 -0.4758728621674421
-0.4936155668375866 -0.45874070798178784
-0.5077163095399081 -0.44160855379613356
-0.46541408143294366 -0.3730799370535164
-0.4372125960283007 -0.3388156286822078
-0.3667088825166933 -0.28741916612524493
-0.3103059117074074 -0.25315485775393637
-0.26800368360044297 -0.2017583951969735
-0.19749997008883555 -0.1846262410113192
-0.19749997008883555 -0.1846262410113192
-0.18339922738651407 -0.1846262410113192
-0.21160071279115703 -0.1846262410113192
-0.23980219819579998 -0.2017583951969735
-0.26800368360044297 -0.23602270356828206
-0.3103059117074074 -0.1674940868256649
-0.3103059117074074 -0.1674940868256649
-0.3244066544097289 -0.15036193264001063
-0.26800368360044297 -0.2017583951969735
-0.26800368360044297 -0.1846262410113192
-0.28210442630276444 -0.27028701193959065
-0.3103059117074074 -0.28741916612524493
-0.33850739711205036 -0.39021209123917067
-0.4372125960283007 -0.44160855379613356
-0.4936155668375866 -0.4758728621674421
-0.5077163095399081 -0.5101371705387507
-0.5218170522422295 -0.5444014789100593
-0.5500185376468725 -0.4930050163530964
-0.564119280349194 -0.5101371705387507
-0.564119280349194 -0.4758728621674421
-0.6487237365631229 -0.4930050163530964
-0.6487237365631229 -0.527269324724405
-0.6910259646700874 -0.5101371705387507
-0.7051267073724088 -0.5786657872813679
-0.7333281927770517 -0.527269324724405
-0.7051267073724088 -0.5786657872813679
-0.7051267073724088 -0.5786657872813679
-0.7192274500747303 -0.5957979414670221
-0.6910259646700874 -0.6300622498383307
-0.7333281927770517 -0.6300622498383307
-0.7192274500747303 -0.5786657872813679
-0.7192274500747303 -0.5444014789100593
-0.6910259646700874 -0.5444014789100593
-0.7051267073724088 -0.5101371705387507
-0.6910259646700874 -0.527269324724405
-0.6628244792654444 -0.5957979414670221
-0.6769252219677658 -0.6129300956526764
-0.6628244792654444 -0.6471944040239851
-0.6769252219677658 -0.6471944040239851
-0.7051267073724088 -0.6300622498383307
-0.6769252219677658 -0.6643265582096394
-0.6910259646700874 -0.6643265582096394
-0.7051267073724088 -0.6300622498383307
-0.6910259646700874 -0.5957979414670221
-0.6769252219677658 -0.5444014789100593
-0.6910259646700874 -0.4930050163530964
-0.6346229938608015 -0.4930050163530964
-0.6205222511584799 -0.4930050163530964
-0.592320765753837 -0.4244763996104793
-0.564119280349194 -0.4758728621674421
-0.592320765753837 -0.4930050163530964
-0.6064215084561585 -0.4758728621674421
-0.6064215084561585 -0.4930050163530964
-0.5782200230515155 -0.44160855379613356
-0.5782200230515155 -0.407344245424825
-0.5218170522422295 -0.3388156286822078
-0.46541408143294366 -0.21889054938262778
-0.39491036792133627 -0.08183331589739345
-0.2257014554934785 0.020959609216532282
-0.028291057660977805 0.22654545944438376
0.3242275098970592 0.3807348471152724
0.7190483055620606 0.654849314085741
1.1279698439293835 0.9803602436131725
1.7766040082361716 1.3743997898832212
2.3970366871383164 1.717042873596307
3.059771594147426 2.0425538031237385
3.6520027876449284 2.1110824198663556
4.117327296821537 1.9397608780098128
4.244233981142431 1.4086640982545298
4.018622097905286 0.654849314085741
3.3276857054915343 -0.15036193264001063
2.2983314882220665 -1.0412339502940338
0.9587609315015257 -1.7436522719058596
-0.5218170522422295 -2.240484743289834
-1.9036898370697346 -2.6859207521168456
-2.9894470251484884 -2.994299527458623
-3.5111745051343832 -3.165621069315166
-3.539375990539026 -3.234149686057783
-3.10225296676706 -3.199885377686474
-2.4677195451625935 -2.994299527458623
-1.7767831527488411 -2.651656443745537
-1.269156415465268 -2.1548239723615628
-0.8179326489909806 -1.657991500977588
-0.5077163095399081 -1.2125554921505766
-0.35260813981437183 -0.767119483323565
-0.2539029408981215 -0.4244763996104793
-0.26800368360044297 -0.25315485775393637
-0.26800368360044297 -0.13322977845435632
-0.3244066544097289 -0.06470116171173917
-0.3103059117074074 -0.013304699154776299
-0.33850739711205036 -0.013304699154776299
-0.3244066544097289 0.055223917587840864
-0.28210442630276444 0.10662038014480374
-0.26800368360044297 0.1580168427017666
-0.2257014554934785 0.20941330525872948
-0.21160071279115703 0.20941330525872948
-0.1692984846841926 0.24367761363003806
-0.1692984846841926 0.24367761363003806
-0.14109699927954963 0.27794192200134665
-0.14109699927954963 0.22654545944438376
-0.1692984846841926 0.24367761363003806
-0.1551977419818711 0.29507407618700093
-0.1551977419818711 0.3293383845583095
-0.14109699927954963 0.3636026929296181
-0.11289551387490668 0.41499915548658095
-0.056492543065620765 0.46639561804354385
-0.014190314958656325 0.5177920806005067
0.02811191314830811 0.534924234786161
0.05631339855295107 0.534924234786161
0.04221265585062959 0.5520563889718153
0.04221265585062959 0.5863206973431239
0.02811191314830811 0.5691885431574696
0.02811191314830811 0.6034528515287781
0.014011170445986633 0.6719814682713953
0.02811191314830811 0.7062457766427039
0.07041414125527255 0.7747743933853211
0.08451488395759403 0.8090387017566296
0.15501859746920144 0.8604351643135925
0.19732082557616587 0.8604351643135925
0.19732082557616587 0.9289637810562097
0.26782453908777326 0.9289637810562097
0.26782453908777326 0.9632280894275183
0.26782453908777326 0.9803602436131725
0.2537237963854518 0.9974923977988268
0.28192528179009474 1.066021014541444
0.2960260244924162 1.1002853229127525
0.35242899530170213 1.1516817854697154
0.3806304807063451 1.2544747105836411
0.437033451515631 1.2716068647692955
0.46523493692027396 1.3915319440688756
0.46523493692027396 1.4086640982545298
0.5357386504318814 1.4600605608114927
0.5498393931342028 1.4771927149971469
0.5639401358365244 1.4943248691828013
0.6062423639434887 1.5799856401110728
0.6203431066458103 1.597117794296727
0.6485445920504532 1.64851425685369
0.7049475628597391 1.717042873596307
0.7049475628597391 1.8027036445245785
0.7754512763713465 1.8712322612671957
0.817753504478311 1.9568930321954672
0.8741564752875969 2.00828949475243
0.9164587033945613 2.0939502656807014
0.9446601887992042 2.1453467282376644
1.0151639023108117 2.12821457405201
0.9869624169061687 2.1967431907946273
1.0151639023108117 2.2138753449802815
1.029264645013133 2.1796110366089727
1.0151639023108117 2.2652718075372444
1.0433653877154545 2.24813965335159
1.085667615822419 2.2652718075372444
1.113869101227062 2.3509325784655157
1.142070586631705 2.3166682700942074
1.1843728147386694 2.3851968868368245
1.170272072036348 2.3851968868368245
1.2407757855479553 2.36806473265117
1.2548765282502767 2.3851968868368245
1.2548765282502767 2.36806473265117
1.226675042845634 2.3338004242798616
1.2125743001433122 2.299536115908553
1.226675042845634 2.2310074991659357
1.1561713293340263 2.1967431907946273
1.170272072036348 2.1110824198663556
1.1279698439293835 2.0768181114950472
1.1279698439293835 2.0254216489380843
1.113869101227062 1.9911573405667757
1.0997683585247404 1.8883644154528498
1.0433653877154545 1.7855714903389241
1.0151639023108117 1.6827785652249985
0.9164587033945613 1.5285891775541098
0.8036527617759894 1.3743997898832212
0.7190483055620606 1.2202104022123326
0.6485445920504532 1.066021014541444
0.5357386504318814 0.9632280894275183
0.4511341942179525 0.8604351643135925
0.39473122340866656 0.7747743933853211
0.3665297380040236 0.6891136224570497
0.2960260244924162 0.6205850057144324
0.2537237963854518 0.534924234786161
0.1832200828738444 0.46639561804354385
0.11271636936223699 0.39786700130092667
0.05631339855295107 0.3122062303726552
-0.028291057660977805 0.1922811510730752
-0.056492543065620765 0.1580168427017666
-0.0987947711725852 0.055223917587840864
-0.1692984846841926 0.03809176340218657
-0.18339922738651407 0.020959609216532282
-0.18339922738651407 -0.013304699154776299
-0.19749997008883555 -0.013304699154776299
-0.19749997008883555 -0.013304699154776299
-0.2257014554934785 -0.03043685334043059
-0.23980219819579998 -0.06470116171173917
-0.26800368360044297 -0.08183331589739345
-0.2962051690050859 -0.1674940868256649
-0.33850739711205036 -0.2017583951969735
-0.33850739711205036 -0.27028701193959065
-0.33850739711205036 -0.28741916612524493
-0.35260813981437183 -0.25315485775393637
-0.3244066544097289 -0.25315485775393637
-0.33850739711205036 -0.1674940868256649
-0.3244066544097289 -0.1674940868256649
-0.33850739711205036 -0.13322977845435632
-0.3244066544097289 -0.11609762426870204
-0.3244066544097289 -0.15036193264001063
-0.33850739711205036 -0.21889054938262778
-0.33850739711205036 -0.21889054938262778
-0.3667088825166933 -0.25315485775393637
-0.35260813981437183 -0.25315485775393637
-0.3244066544097289 -0.27028701193959065
-0.33850739711205036 -0.25315485775393637
-0.3244066544097289 -0.21889054938262778
-0.3244066544097289 -0.2017583951969735
-0.2962051690050859 -0.2017583951969735
-0.3244066544097289 -0.1846262410113192
-0.3103059117074074 -0.1846262410113192
-0.3103059117074074 -0.15036193264001063
-0.23980219819579998 -0.13322977845435632
-0.2539029408981215 -0.15036193264001063
-0.2539029408981215 -0.1674940868256649
-0.26800368360044297 -0.2017583951969735
-0.23980219819579998 -0.2017583951969735
-0.28210442630276444 -0.1846262410113192
-0.28210442630276444 -0.21889054938262778
-0.2962051690050859 -0.2017583951969735
-0.2539029408981215 -0.1674940868256649
-0.19749997008883555 -0.11609762426870204
-0.18339922738651407 -0.11609762426870204
-0.1551977419818711 -0.11609762426870204
-0.1551977419818711 -0.13322977845435632
-0.1692984846841926 -0.1846262410113192
-0.19749997008883555 -0.1846262410113192
-0.19749997008883555 -0.2017583951969735
-0.2257014554934785 -0.23602270356828206
-0.23980219819579998 -0.23602270356828206
-0.2539029408981215 -0.25315485775393637
-0.23980219819579998 -0.25315485775393637
-0.21160071279115703 -0.25315485775393637
-0.19749997008883555 -0.21889054938262778
-0.18339922738651407 -0.21889054938262778
-0.1692984846841926 -0.25315485775393637
-0.18339922738651407 -0.25315485775393637
-0.19749997008883555 -0.28741916612524493
-0.21160071279115703 -0.27028701193959065
-0.26800368360044297 -0.3388156286822078
-0.28210442630276444 -0.3559477828678621
-0.3103059117074074 -0.32168347449655355
-0.3244066544097289 -0.3559477828678621
-0.28210442630276444 -0.3730799370535164
-0.28210442630276444 -0.3388156286822078
-0.23980219819579998 -0.3045513203108992
-0.2539029408981215 -0.3045513203108992
-0.28210442630276444 -0.3388156286822078
-0.28210442630276444 -0.3559477828678621
-0.26800368360044297 -0.3730799370535164
-0.2962051690050859 -0.407344245424825
-0.35260813981437183 -0.44160855379613356
-0.39491036792133627 -0.45874070798178784
-0.3667088825166933 -0.4758728621674421
-0.3667088825166933 -0.44160855379613356
-0.33850739711205036 -0.44160855379613356
-0.33850739711205036 -0.407344245424825
-0.33850739711205036 -0.407344245424825
-0.3103059117074074 -0.3730799370535164
-0.33850739711205036 -0.39021209123917067
-0.33850739711205036 -0.39021209123917067
-0.35260813981437183 -0.44160855379613356
-0.3667088825166933 -0.4244763996104793
-0.3808096252190148 -0.4930050163530964
-0.4231118533259792 -0.5101371705387507
-0.4231118533259792 -0.44160855379613356
-0.4231118533259792 -0.4758728621674421
-0.40901111062365775 -0.4758728621674421
-0.39491036792133627 -0.44160855379613356
-0.3808096252190148 -0.4758728621674421
-0.3808096252190148 -0.45874070798178784
-0.35260813981437183 -0.4758728621674421
-0.35260813981437183 -0.45874070798178784
-0.33850739711205036 -0.4930050163530964
-0.3244066544097289 -0.5615336330957136
-0.33850739711205036 -0.5786657872813679
-0.35260813981437183 -0.5615336330957136
-0.3808096252190148 -0.5615336330957136
-0.3808096252190148 -0.5444014789100593
-0.39491036792133627 -0.5444014789100593
-0.3667088825166933 -0.4930050163530964
-0.3808096252190148 -0.45874070798178784
-0.35260813981437183 -0.44160855379613356
-0.35260813981437183 -0.4758728621674421
-0.33850739711205036 -0.4244763996104793
-0.3103059117074074 -0.5101371705387507
-0.35260813981437183 -0.527269324724405
-0.39491036792133627 -0.5444014789100593
-0.40901111062365775 -0.5615336330957136
-0.4231118533259792 -0.5444014789100593
-0.4372125960283007 -0.5615336330957136
-0.4231118533259792 -0.5101371705387507
-0.40901111062365775 -0.5444014789100593
-0.39491036792133627 -0.4758728621674421
-0.3667088825166933 -0.4758728621674421
-0.33850739711205036 -0.4758728621674421
-0.33850739711205036 -0.45874070798178784
-0.35260813981437183 -0.4758728621674421
-0.39491036792133627 -0.5101371705387507
-0.39491036792133627 -0.5101371705387507
-0.39491036792133627 -0.5101371705387507
-0.40901111062365775 -0.5101371705387507
-0.4372125960283007 -0.4758728621674421
-0.39491036792133627 -0.4244763996104793
-0.3667088825166933 -0.4244763996104793
-0.35260813981437183 -0.3730799370535164
-0.33850739711205036 -0.3730799370535164
-0.28210442630276444 -0.3559477828678621
-0.2962051690050859 -0.3730799370535164
-0.2962051690050859 -0.407344245424825
-0.28210442630276444 -0.44160855379613356
-0.2962051690050859 -0.45874070798178784
-0.3103059117074074 -0.4758728621674421
-0.2257014554934785 -0.4758728621674421
-0.2257014554934785 -0.4244763996104793
-0.1551977419818711 -0.3559477828678621
-0.0987947711725852 -0.28741916612524493
-0.08469402847026372 -0.23602270356828206
-0.028291057660977805 -0.1674940868256649
-0.014190314958656325 -0.2017583951969735
0.014011170445986633 -0.13322977845435632
0.02811191314830811 -0.13322977845435632
0.02811191314830811 -0.08183331589739345
0.02811191314830811 -0.09896547008304775
-0.014190314958656325 -0.09896547008304775
-0.014190314958656325 -0.06470116171173917
-0.028291057660977805 -0.11609762426870204
-8.957225633484616e-05 -0.06470116171173917
-0.014190314958656325 -0.08183331589739345
-8.957225633484616e-05 -0.11609762426870204
0.014011170445986633 -0.09896547008304775
-0.014190314958656325 -0.1674940868256649
-0.028291057660977805 -0.1846262410113192
-0.07059328576794224 -0.28741916612524493
-0.12699625657722816 -0.28741916612524493
-0.1692984846841926 -0.39021209123917067
-0.19749997008883555 -0.44160855379613356
-0.23980219819579998 -0.4244763996104793
-0.26800368360044297 -0.407344245424825
-0.2539029408981215 -0.45874070798178784
-0.3103059117074074 -0.4244763996104793
-0.33850739711205036 -0.39021209123917067
-0.33850739711205036 -0.407344245424825
-0.3808096252190148 -0.45874070798178784
-0.4231118533259792 -0.45874070798178784
-0.4513133387306222 -0.4930050163530964
-0.47951482413526514 -0.527269324724405
-0.4936155668375866 -0.5615336330957136
-0.47951482413526514 -0.5786657872813679
-0.47951482413526514 -0.5444014789100593
-0.46541408143294366 -0.5101371705387507
-0.46541408143294366 -0.4930050163530964
-0.46541408143294366 -0.4758728621674421
-0.40901111062365775 -0.4930050163530964
-0.39491036792133627 -0.44160855379613356
-0.39491036792133627 -0.5101371705387507
-0.39491036792133627 -0.5444014789100593
-0.39491036792133627 -0.527269324724405
-0.40901111062365775 -0.5444014789100593
-0.46541408143294366 -0.5444014789100593
-0.4936155668375866 -0.5615336330957136
-0.5077163095399081 -0.5444014789100593
-0.4513133387306222 -0.5101371705387507
-0.4372125960283007 -0.5615336330957136
-0.39491036792133627 -0.4758728621674421
-0.39491036792133627 -0.45874070798178784
-0.3667088825166933 -0.4244763996104793
-0.35260813981437183 -0.45874070798178784
-0.3667088825166933 -0.4244763996104793
-0.35260813981437183 -0.4758728621674421
-0.3808096252190148 -0.407344245424825
-0.3808096252190148 -0.4244763996104793
-0.35260813981437183 -0.5101371705387507
-0.35260813981437183 -0.45874070798178784
-0.3244066544097289 -0.44160855379613356
-0.28210442630276444 -0.4244763996104793
-0.23980219819579998 -0.3730799370535164
-0.21160071279115703 -0.28741916612524493
-0.1692984846841926 -0.2017583951969735
-0.08469402847026372 -0.08183331589739345
0.08451488395759403 0.055223917587840864
0.3242275098970592 0.2608097678156924
0.5921416212411673 0.4835277722291981
1.029264645013133 0.8090387017566296
1.550992124999028 1.185946093841024
2.1714248039011728 1.5799856401110728
2.8059582255056394 1.9054965696385042
3.3981894190031414 2.1796110366089727
3.9763198697983224 2.1453467282376644
4.34293918005868 1.76843933615327
4.42754363627261 1.0317567061701354
4.117327296821537 0.1580168427017666
3.440491647110106 -0.8185159458805279
2.4111374298406383 -1.6751236551632425
1.2125743001433122 -2.34327766840376
-0.08469402847026372 -2.7887136772307715
-1.3678616143815183 -3.131356760943857
-2.3972158316509864 -3.3198104569860543
-2.9894470251484884 -3.3883390737286714
-3.0740514813624173 -3.371206919543017
-2.806137370018309 -3.217017531872129
-2.2280069192231284 -2.960035219087314
-1.6075742403209834 -2.6002599811885743
-1.0435445322281243 -2.189088280732871
-0.6064215084561585 -1.709387963534551
-0.3244066544097289 -1.2639519547075395
-0.1551977419818711 -0.8870445626231451
-0.056492543065620765 -0.5444014789100593
-0.04239180036329928 -0.23602270356828206
-0.04239180036329928 -0.08183331589739345
-0.08469402847026372 0.020959609216532282
-0.08469402847026372 0.055223917587840864
-0.0987947711725852 0.12375253433045802
-0.056492543065620765 0.1922811510730752
-0.028291057660977805 0.27794192200134665
0.04221265585062959 0.27794192200134665
0.07041414125527255 0.3122062303726552
0.05631339855295107 0.29507407618700093
0.02811191314830811 0.3293383845583095
0.04221265585062959 0.3636026929296181
0.04221265585062959 0.3122062303726552
0.04221265585062959 0.3636026929296181
0.04221265585062959 0.46639561804354385
0.08451488395759403 0.5006599264148525
0.09861562665991551 0.5691885431574696
0.1691193401715229 0.6034528515287781
0.1832200828738444 0.654849314085741
0.1832200828738444 0.6034528515287781
0.19732082557616587 0.6377171599000867
0.19732082557616587 0.654849314085741
0.19732082557616587 0.6719814682713953
0.21142156827848735 0.7233779308283582
0.21142156827848735 0.7233779308283582
0.22552231098080883 0.7576422391996668
0.2537237963854518 0.7919065475709753
0.26782453908777326 0.8261708559422839
0.26782453908777326 0.8433030101279382
0.2960260244924162 0.9118316268705554
0.3665297380040236 0.946095935241864
0.3665297380040236 1.0146245519844812
0.40883196611098804 1.0146245519844812
0.40883196611098804 1.0831531687270983
0.4511341942179525 1.1174174770984069
0.4511341942179525 1.1002853229127525
0.47933567962259543 1.1002853229127525
0.46523493692027396 1.1688139396553698
0.4511341942179525 1.2030782480266784
0.4934364223249169 1.2544747105836411
0.5216379077295599 1.3743997898832212
0.5921416212411673 1.4257962524401842
0.6485445920504532 1.4943248691828013
0.6908468201574176 1.5457213317397642
0.7190483055620606 1.6142499484823813
0.7754512763713465 1.6827785652249985
0.817753504478311 1.7341750277819614
0.817753504478311 1.717042873596307
0.8036527617759894 1.7855714903389241
0.8036527617759894 1.8712322612671957
0.8318542471806324 1.9397608780098128
0.8600557325852753 2.0254216489380843
0.9305594460968828 2.12821457405201
1.0010631596084902 2.2138753449802815
1.0574661304177762 2.2652718075372444
1.1279698439293835 2.3509325784655157
1.170272072036348 2.3338004242798616
1.1984735574409908 2.36806473265117
1.2125743001433122 2.4023290410224787
1.1984735574409908 2.4537255035794416
1.170272072036348 2.470857657765096
1.2125743001433122 2.5736505828790217
1.2548765282502767 2.539386274507713
1.2548765282502767 2.5736505828790217
1.3394809844642057 2.642179199621639
1.3676824698688486 2.659311353807293
1.3817832125711702 2.676443507992947
1.409984697975813 2.72783997054991
1.3958839552734916 2.676443507992947
1.3817832125711702 2.642179199621639
1.3676824698688486 2.642179199621639
1.3676824698688486 2.590782737064676
1.3394809844642057 2.539386274507713
1.3394809844642057 2.48798981195075
1.3253802417618843 2.4537255035794416
1.2830780136549198 2.4537255035794416
1.2971787563572412 2.36806473265117
1.2689772709525982 2.2824039617228986
1.2548765282502767 2.1967431907946273
1.1843728147386694 2.0768181114950472
1.1279698439293835 1.9226287238241586
1.085667615822419 1.7855714903389241
0.9869624169061687 1.6827785652249985
0.9587609315015257 1.5285891775541098
0.8600557325852753 1.4257962524401842
0.817753504478311 1.3230033273262582
0.7190483055620606 1.134549631284061
0.6908468201574176 1.0146245519844812
0.6062423639434887 0.9632280894275183
0.5498393931342028 0.8261708559422839
0.46523493692027396 0.7747743933853211
0.4229327088133095 0.654849314085741
0.3806304807063451 0.5691885431574696
0.3101267671947377 0.44926346385788957
0.28192528179009474 0.3807348471152724
0.2396230536831303 0.3122062303726552
0.1691193401715229 0.20941330525872948
0.11271636936223699 0.07235607177349515
0.07041414125527255 0.07235607177349515
0.05631339855295107 0.03809176340218657
-8.957225633484616e-05 0.0038274550308779907
-8.957225633484616e-05 -0.013304699154776299
-0.04239180036329928 0.020959609216532282
-0.056492543065620765 -0.04756900752608488
-0.04239180036329928 -0.08183331589739345
-0.0987947711725852 -0.11609762426870204
-0.0987947711725852 -0.13322977845435632
-0.0987947711725852 -0.2017583951969735
-0.14109699927954963 -0.1846262410113192
-0.14109699927954963 -0.1846262410113192
-0.14109699927954963 -0.1674940868256649
-0.1551977419818711 -0.1674940868256649
-0.12699625657722816 -0.1674940868256649
-0.11289551387490668 -0.13322977845435632
-0.08469402847026372 -0.13322977845435632
-0.08469402847026372 -0.13322977845435632
-0.08469402847026372 -0.15036193264001063
-0.08469402847026372 -0.1674940868256649
-0.12699625657722816 -0.1674940868256649
-0.12699625657722816 -0.1846262410113192
-0.14109699927954963 -0.21889054938262778
-0.1692984846841926 -0.23602270356828206
-0.1551977419818711 -0.2017583951969735
-0.0987947711725852 -0.1846262410113192
-0.0987947711725852 -0.11609762426870204
-0.0987947711725852 -0.09896547008304775
-0.07059328576794224 -0.013304699154776299
-0.056492543065620765 -0.03043685334043059
-0.056492543065620765 -0.09896547008304775
-0.014190314958656325 -0.15036193264001063
-0.028291057660977805 -0.1674940868256649
-0.04239180036329928 -0.21889054938262778
-0.028291057660977805 -0.23602270356828206
-0.04239180036329928 -0.21889054938262778
-0.04239180036329928 -0.2017583951969735
-0.04239180036329928 -0.1674940868256649
-0.04239180036329928 -0.13322977845435632
-0.014190314958656325 -0.13322977845435632
-0.056492543065620765 -0.06470116171173917
-0.04239180036329928 -0.06470116171173917
-0.04239180036329928 -0.08183331589739345
0.014011170445986633 -0.11609762426870204
0.04221265585062959 -0.15036193264001063
0.02811191314830811 -0.27028701193959065
0.014011170445986633 -0.23602270356828206
-0.014190314958656325 -0.25315485775393637
-0.028291057660977805 -0.21889054938262778
-0.056492543065620765 -0.23602270356828206
-0.04239180036329928 -0.1846262410113192
-0.04239180036329928 -0.1846262410113192
-8.957225633484616e-05 -0.1846262410113192
0.02811191314830811 -0.21889054938262778
-8.957225633484616e-05 -0.25315485775393637
0.014011170445986633 -0.3045513203108992
0.014011170445986633 -0.32168347449655355
-0.04239180036329928 -0.3388156286822078
-0.056492543065620765 -0.39021209123917067
-0.08469402847026372 -0.407344245424825
-0.12699625657722816 -0.407344245424825
-0.0987947711725852 -0.3730799370535164
-0.07059328576794224 -0.3730799370535164
-0.0987947711725852 -0.3730799370535164
-0.056492543065620765 -0.3730799370535164
-0.11289551387490668 -0.3388156286822078
-0.08469402847026372 -0.407344245424825
-0.12699625657722816 -0.4244763996104793
-0.0987947711725852 -0.45874070798178784
-0.14109699927954963 -0.4758728621674421
-0.1692984846841926 -0.45874070798178784
-0.21160071279115703 -0.5101371705387507
-0.19749997008883555 -0.4930050163530964
-0.1551977419818711 -0.5101371705387507
-0.1551977419818711 -0.44160855379613356
-0.14109699927954963 -0.4244763996104793
-0.1551977419818711 -0.407344245424825
-0.12699625657722816 -0.407344245424825
-0.1692984846841926 -0.44160855379613356
-0.18339922738651407 -0.4758728621674421
-0.18339922738651407 -0.5101371705387507
-0.19749997008883555 -0.5444014789100593
-0.19749997008883555 -0.5786657872813679
-0.2257014554934785 -0.5615336330957136
-0.21160071279115703 -0.5957979414670221
-0.19749997008883555 -0.527269324724405
-0.19749997008883555 -0.5101371705387507
-0.19749997008883555 -0.5101371705387507
-0.18339922738651407 -0.5101371705387507
-0.1551977419818711 -0.4930050163530964
-0.1692984846841926 -0.5615336330957136
-0.18339922738651407 -0.5615336330957136
-0.1692984846841926 -0.6129300956526764
-0.21160071279115703 -0.5786657872813679
-0.21160071279115703 -0.5957979414670221
-0.2257014554934785 -0.6129300956526764
-0.2257014554934785 -0.6129300956526764
-0.23980219819579998 -0.5957979414670221
-0.2257014554934785 -0.5957979414670221
-0.21160071279115703 -0.5786657872813679
-0.1692984846841926 -0.5786657872813679
-0.18339922738651407 -0.5444014789100593
-0.14109699927954963 -0.5786657872813679
-0.14109699927954963 -0.5615336330957136
-0.18339922738651407 -0.5957979414670221
-0.21160071279115703 -0.6129300956526764
-0.23980219819579998 -0.6300622498383307
-0.2257014554934785 -0.6300622498383307
-0.23980219819579998 -0.5957979414670221
-0.2257014554934785 -0.5786657872813679
-0.21160071279115703 -0.527269324724405
-0.18339922738651407 -0.527269324724405
-0.18339922738651407 -0.5444014789100593
-0.1692984846841926 -0.527269324724405
-0.1551977419818711 -0.5615336330957136
-0.18339922738651407 -0.5786657872813679
-0.21160071279115703 -0.6129300956526764
-0.21160071279115703 -0.6300622498383307
-0.23980219819579998 -0.6471944040239851
-0.2539029408981215 -0.6471944040239851
-0.26800368360044297 -0.6300622498383307
-0.23980219819579998 -0.5957979414670221
-0.19749997008883555 -0.6129300956526764
-0.18339922738651407 -0.5786657872813679
-0.18339922738651407 -0.5444014789100593
-0.18339922738651407 -0.5615336330957136
-0.19749997008883555 -0.5957979414670221
-0.19749997008883555 -0.5957979414670221
-0.21160071279115703 -0.6471944040239851
-0.21160071279115703 -0.6300622498383307
-0.21160071279115703 -0.6814587123952937
-0.23980219819579998 -0.6471944040239851
-0.21160071279115703 -0.6471944040239851
-0.2257014554934785 -0.6300622498383307
-0.19749997008883555 -0.6129300956526764
-0.19749997008883555 -0.5615336330957136
-0.18339922738651407 -0.5615336330957136
-0.1692984846841926 -0.5444014789100593
-0.18339922738651407 -0.5615336330957136
-0.12699625657722816 -0.5615336330957136
-0.11289551387490668 -0.5786657872813679
-0.1551977419818711 -0.5786657872813679
-0.14109699927954963 -0.5444014789100593
-0.08469402847026372 -0.5615336330957136
-0.11289551387490668 -0.527269324724405
-0.11289551387490668 -0.5101371705387507
-0.08469402847026372 -0.44160855379613356
-0.04239180036329928 -0.39021209123917067
-8.957225633484616e-05 -0.3045513203108992
0.07041414125527255 -0.3045513203108992
0.09861562665991551 -0.27028701193959065
0.15501859746920144 -0.27028701193959065
0.12681711206455845 -0.2017583951969735
0.1832200828738444 -0.21889054938262778
0.1832200828738444 -0.2017583951969735
0.19732082557616587 -0.21889054938262778
0.19732082557616587 -0.15036193264001063
0.21142156827848735 -0.15036193264001063
0.22552231098080883 -0.13322977845435632
0.21142156827848735 -0.13322977845435632
0.2396230536831303 -0.08183331589739345
0.22552231098080883 -0.11609762426870204
0.21142156827848735 -0.11609762426870204
0.21142156827848735 -0.1846262410113192
0.09861562665991551 -0.27028701193959065
0.04221265585062959 -0.3730799370535164
-0.014190314958656325 -0.44160855379613356
-0.014190314958656325 -0.5101371705387507
-0.07059328576794224 -0.4930050163530964
-0.056492543065620765 -0.4930050163530964
-0.056492543065620765 -0.4930050163530964
-0.056492543065620765 -0.4244763996104793
-0.04239180036329928 -0.407344245424825
-0.056492543065620765 -0.4244763996104793
-0.0987947711725852 -0.45874070798178784
-0.1551977419818711 -0.4930050163530964
-0.19749997008883555 -0.5615336330957136
-0.2257014554934785 -0.5615336330957136
-0.2539029408981215 -0.6471944040239851
-0.2539029408981215 -0.6300622498383307
-0.23980219819579998 -0.6129300956526764
-0.2257014554934785 -0.5444014789100593
-0.18339922738651407 -0.5444014789100593
-0.1551977419818711 -0.4930050163530964
-0.12699625657722816 -0.4758728621674421
-0.08469402847026372 -0.4244763996104793
-0.056492543065620765 -0.4244763996104793
0.014011170445986633 -0.3559477828678621
0.02811191314830811 -0.32168347449655355
0.07041414125527255 -0.28741916612524493
0.07041414125527255 -0.25315485775393637
0.07041414125527255 -0.23602270356828206
0.15501859746920144 -0.1674940868256649
0.1832200828738444 -0.08183331589739345
0.2537237963854518 -0.013304699154776299
0.3242275098970592 0.055223917587840864
0.3806304807063451 0.1580168427017666
0.46523493692027396 0.22654545944438376
0.5216379077295599 0.3122062303726552
0.5639401358365244 0.41499915548658095
0.6767460774550962 0.46639561804354385
0.789552019073668 0.534924234786161
0.9023579606922398 0.5691885431574696
1.0433653877154545 0.6034528515287781
1.170272072036348 0.6719814682713953
1.3253802417618843 0.7062457766427039
1.4381861833804561 0.8090387017566296
1.5368913822967063 0.8775673184992469
1.6355965812129567 0.9974923977988268
1.7202010374268857 1.185946093841024
1.8330069790454575 1.3401354815119126
2.0163166341756367 1.597117794296727
2.312432230924388 1.9740251863811213
2.7213537692917105 2.36806473265117
3.200779021170641 2.84776504984949
3.736607243858857 3.378861829604773
4.34293918005868 3.8585621468030933
4.892868145449218 4.115544459587908
5.273588198411899 4.064147997030945
5.414595625435113 3.652976296575242
5.273588198411899 2.9334258207777615
4.878767402746897 2.0596859573093926
4.14552878222618 1.1516817854697154
3.144376050361355 0.5006599264148525
1.8612084644501004 -0.06470116171173917
0.4934364223249169 -0.39021209123917067
-0.7474289354793733 -0.7499873291379108
-1.7626824100465197 -1.058366104479688
-2.298510632734736 -1.2639519547075395
-2.383115088948665 -1.5038021133066997
-2.1152009776045566 -1.589462884234971
-1.6498764684279479 -1.4695378049353909
-1.1704512165490175 -1.2810841088931937
-0.6910259646700874 -1.0412339502940338
-0.33850739711205036 -0.767119483323565
-0.0987947711725852 -0.4758728621674421
-8.957225633484616e-05 -0.3388156286822078
-0.014190314958656325 -0.23602270356828206
-0.056492543065620765 -0.1674940868256649
-0.14109699927954963 -0.2017583951969735
-0.2257014554934785 -0.21889054938262778
-0.2257014554934785 -0.21889054938262778
-0.23980219819579998 -0.23602270356828206
-0.21160071279115703 -0.1846262410113192
-0.1692984846841926 -0.1674940868256649
-0.14109699927954963 -0.13322977845435632
-0.11289551387490668 -0.15036193264001063
-0.07059328576794224 -0.11609762426870204
-0.0987947711725852 -0.13322977845435632
-0.12699625657722816 -0.1674940868256649
-0.1551977419818711 -0.2017583951969735
-0.1692984846841926 -0.21889054938262778
-0.19749997008883555 -0.1846262410113192
-0.1692984846841926 -0.15036193264001063
-0.12699625657722816 -0.11609762426870204
-0.11289551387490668 -0.06470116171173917
-0.056492543065620765 -0.08183331589739345
-0.056492543065620765 -0.04756900752608488
-0.056492543065620765 -0.06470116171173917
-0.08469402847026372 -0.06470116171173917
-0.0987947711725852 -0.06470116171173917
-0.12699625657722816 -0.09896547008304775
-0.14109699927954963 -0.13322977845435632
-0.1692984846841926 -0.13322977845435632
-0.1692984846841926 -0.13322977845435632
-0.14109699927954963 -0.13322977845435632
-0.14109699927954963 -0.08183331589739345
-0.12699625657722816 -0.04756900752608488
-0.08469402847026372 -0.04756900752608488
-0.08469402847026372 0.0038274550308779907
-0.08469402847026372 -0.03043685334043059
-0.11289551387490668 0.020959609216532282
-0.0987947711725852 -0.03043685334043059
-0.11289551387490668 -0.013304699154776299
-0.14109699927954963 -0.013304699154776299
-0.12699625657722816 0.020959609216532282
-0.12699625657722816 0.0038274550308779907
-0.0987947711725852 0.055223917587840864
-0.07059328576794224 0.12375253433045802
-0.07059328576794224 0.10662038014480374
-0.028291057660977805 0.1580168427017666
-0.028291057660977805 0.1922811510730752
-0.056492543065620765 0.1922811510730752
-0.07059328576794224 0.1922811510730752
-0.056492543065620765 0.22654545944438376
-0.08469402847026372 0.1751489968874209
-0.04239180036329928 0.22654545944438376
-0.014190314958656325 0.1751489968874209
-8.957225633484616e-05 0.24367761363003806
0.014011170445986633 0.3122062303726552
0.04221265585062959 0.3293383845583095
0.07041414125527255 0.39786700130092667
0.09861562665991551 0.46639561804354385
0.08451488395759403 0.5177920806005067
0.11271636936223699 0.534924234786161
0.12681711206455845 0.5863206973431239
0.12681711206455845 0.6034528515287781
0.14091785476687996 0.5863206973431239
0.15501859746920144 0.6034528515287781
0.14091785476687996 0.6719814682713953
0.1691193401715229 0.7062457766427039
0.1691193401715229 0.7576422391996668
0.1832200828738444 0.8090387017566296
0.1832200828738444 0.8261708559422839
0.2396230536831303 0.8604351643135925
0.26782453908777326 0.8946994726849011
0.2960260244924162 0.8604351643135925
0.3101267671947377 0.946095935241864
0.3101267671947377 0.8946994726849011
0.2960260244924162 0.9118316268705554
0.26782453908777326 0.9118316268705554
0.2537237963854518 0.9289637810562097
0.26782453908777326 0.946095935241864
0.28192528179009474 0.9803602436131725
0.2960260244924162 0.9632280894275183
0.3242275098970592 0.9803602436131725
0.35242899530170213 0.9632280894275183
0.33832825259938065 0.9632280894275183
0.3665297380040236 0.8775673184992469
0.3101267671947377 0.7747743933853211
0.28192528179009474 0.6719814682713953
0.1832200828738444 0.5520563889718153
0.15501859746920144 0.5006599264148525
0.11271636936223699 0.39786700130092667
0.07041414125527255 0.39786700130092667
0.05631339855295107 0.3122062303726552
0.04221265585062959 0.29507407618700093
0.02811191314830811 0.24367761363003806
0.02811191314830811 0.1408846885161123
-8.957225633484616e-05 0.07235607177349515
-0.04239180036329928 0.055223917587840864
-0.07059328576794224 0.07235607177349515
-0.0987947711725852 0.0038274550308779907
-0.12699625657722816 -0.03043685334043059
-0.1551977419818711 -0.09896547008304775
-0.1692984846841926 -0.11609762426870204
-0.1692984846841926 -0.11609762426870204
-0.21160071279115703 -0.15036193264001063
-0.2257014554934785 -0.15036193264001063
-0.2257014554934785 -0.09896547008304775
-0.2257014554934785 -0.08183331589739345
-0.21160071279115703 -0.09896547008304775
-0.21160071279115703 -0.15036193264001063
-0.21160071279115703 -0.1674940868256649
-0.2257014554934785 -0.1674940868256649
-0.23980219819579998 -0.1846262410113192
-0.23980219819579998 -0.25315485775393637
-0.2539029408981215 -0.2017583951969735
-0.26800368360044297 -0.2017583951969735
-0.3103059117074074 -0.1846262410113192
-0.26800368360044297 -0.1674940868256649
-0.2539029408981215 -0.1674940868256649
-0.21160071279115703 -0.15036193264001063
-0.19749997008883555 -0.1846262410113192
-0.1692984846841926 -0.1846262410113192
-0.1551977419818711 -0.13322977845435632
-0.18339922738651407 -0.1674940868256649
-0.1692984846841926 -0.2017583951969735
-0.21160071279115703 -0.21889054938262778
-0.21160071279115703 -0.25315485775393637
-0.2257014554934785 -0.23602270356828206
-0.21160071279115703 -0.21889054938262778
-0.21160071279115703 -0.2017583951969735
-0.1692984846841926 -0.2017583951969735
-0.12699625657722816 -0.2017583951969735
-0.08469402847026372 -0.13322977845435632
-0.08469402847026372 -0.2017583951969735
-0.07059328576794224 -0.21889054938262778
-0.0987947711725852 -0.21889054938262778
-0.12699625657722816 -0.28741916612524493
-0.1551977419818711 -0.27028701193959065
-0.1692984846841926 -0.28741916612524493
-0.1692984846841926 -0.27028701193959065
-0.14109699927954963 -0.21889054938262778
-0.11289551387490668 -0.21889054938262778
-0.08469402847026372 -0.1674940868256649
-0.07059328576794224 -0.1846262410113192
-0.07059328576794224 -0.2017583951969735
-0.08469402847026372 -0.21889054938262778
-0.07059328576794224 -0.25315485775393637
-0.11289551387490668 -0.28741916612524493
-0.1551977419818711 -0.3045513203108992
-0.1692984846841926 -0.3388156286822078
-0.1551977419818711 -0.3045513203108992
-0.1551977419818711 -0.32168347449655355
-0.12699625657722816 -0.3045513203108992
-0.12699625657722816 -0.3045513203108992
-0.12699625657722816 -0.27028701193959065
-0.11289551387490668 -0.25315485775393637
-0.12699625657722816 -0.27028701193959065
-0.12699625657722816 -0.27028701193959065
-0.11289551387490668 -0.3045513203108992
-0.14109699927954963 -0.3045513203108992
-0.1551977419818711 -0.3730799370535164
-0.18339922738651407 -0.3730799370535164
-0.1551977419818711 -0.407344245424825
-0.1551977419818711 -0.39021209123917067
-0.1551977419818711 -0.3730799370535164
-0.1692984846841926 -0.3559477828678621
-0.14109699927954963 -0.3045513203108992
-0.1692984846841926 -0.28741916612524493
-0.14109699927954963 -0.25315485775393637
-0.12699625657722816 -0.28741916612524493
-0.11289551387490668 -0.3388156286822078
-0.11289551387490668 -0.3559477828678621
-0.18339922738651407 -0.39021209123917067
-0.23980219819579998 -0.4244763996104793
-0.26800368360044297 -0.44160855379613356
-0.2539029408981215 -0.4244763996104793
-0.26800368360044297 -0.4244763996104793
-0.2539029408981215 -0.407344245424825
-0.2257014554934785 -0.44160855379613356
-0.19749997008883555 -0.407344245424825
-0.14109699927954963 -0.407344245424825
-0.1692984846841926 -0.44160855379613356
-0.18339922738651407 -0.4244763996104793
-0.19749997008883555 -0.45874070798178784
-0.21160071279115703 -0.45874070798178784
-0.26800368360044297 -0.4758728621674421
-0.2962051690050859 -0.4758728621674421
-0.28210442630276444 -0.5101371705387507
-0.26800368360044297 -0.44160855379613356
-0.23980219819579998 -0.4244763996104793
-0.23980219819579998 -0.4244763996104793
-0.18339922738651407 -0.39021209123917067
-0.21160071279115703 -0.407344245424825
-0.14109699927954963 -0.4244763996104793
-0.21160071279115703 -0.39021209123917067
-0.23980219819579998 -0.44160855379613356
-0.2539029408981215 -0.4758728621674421
-0.26800368360044297 -0.527269324724405
-0.26800368360044297 -0.527269324724405
-0.26800368360044297 -0.5444014789100593
-0.26800368360044297 -0.4758728621674421
-0.2539029408981215 -0.4244763996104793
-0.2539029408981215 -0.45874070798178784
-0.2539029408981215 -0.407344245424825
-0.23980219819579998 -0.407344245424825
-0.21160071279115703 -0.44160855379613356
-0.2257014554934785 -0.44160855379613356
-0.2257014554934785 -0.44160855379613356
-0.23980219819579998 -0.4758728621674421
-0.2257014554934785 -0.4758728621674421
-0.2257014554934785 -0.45874070798178784
-0.26800368360044297 -0.4758728621674421
-0.2962051690050859 -0.407344245424825
-0.23980219819579998 -0.407344245424825
-0.2539029408981215 -0.44160855379613356
-0.2257014554934785 -0.4244763996104793
-0.18339922738651407 -0.407344245424825
-0.18339922738651407 -0.44160855379613356
-0.18339922738651407 -0.45874070798178784
-0.18339922738651407 -0.4758728621674421
-0.19749997008883555 -0.5101371705387507
-0.23980219819579998 -0.5615336330957136
-0.23980219819579998 -0.5444014789100593
-0.28210442630276444 -0.5101371705387507
-0.26800368360044297 -0.4930050163530964
-0.23980219819579998 -0.407344245424825
-0.21160071279115703 -0.407344245424825
-0.18339922738651407 -0.407344245424825
-0.19749997008883555 -0.39021209123917067
-0.2257014554934785 -0.44160855379613356
-0.21160071279115703 -0.4244763996104793
-0.21160071279115703 -0.45874070798178784
-0.23980219819579998 -0.4930050163530964
-0.23980219819579998 -0.5101371705387507
-0.23980219819579998 -0.4758728621674421
-0.2257014554934785 -0.45874070798178784
-0.2257014554934785 -0.407344245424825
-0.23980219819579998 -0.45874070798178784
-0.2257014554934785 -0.4244763996104793
-0.2257014554934785 -0.39021209123917067
-0.21160071279115703 -0.39021209123917067
-0.19749997008883555 -0.407344245424825
-0.2257014554934785 -0.4244763996104793
-0.21160071279115703 -0.45874070798178784
-0.19749997008883555 -0.39021209123917067
-0.18339922738651407 -0.39021209123917067
-0.23980219819579998 -0.44160855379613356
-0.23980219819579998 -0.45874070798178784
-0.21160071279115703 -0.4758728621674421
-0.19749997008883555 -0.4244763996104793
-0.1692984846841926 -0.407344245424825
-0.12699625657722816 -0.3388156286822078
-0.11289551387490668 -0.3388156286822078
-0.08469402847026372 -0.3045513203108992
-0.014190314958656325 -0.25315485775393637
0.02811191314830811 -0.3045513203108992
0.04221265585062959 -0.23602270356828206
0.02811191314830811 -0.25315485775393637
0.05631339855295107 -0.25315485775393637
0.07041414125527255 -0.21889054938262778
0.09861562665991551 -0.15036193264001063
0.19732082557616587 -0.09896547008304775
0.19732082557616587 -0.013304699154776299
0.2537237963854518 0.03809176340218657
0.28192528179009474 0.03809176340218657
0.26782453908777326 0.020959609216532282
0.2537237963854518 0.020959609216532282
0.2396230536831303 0.0038274550308779907
0.1832200828738444 -0.04756900752608488
0.11271636936223699 -0.06470116171173917
0.07041414125527255 -0.11609762426870204
0.05631339855295107 -0.1674940868256649
0.02811191314830811 -0.23602270356828206
0.014011170445986633 -0.27028701193959065
-0.028291057660977805 -0.27028701193959065
-0.056492543065620765 -0.28741916612524493
-0.056492543065620765 -0.27028701193959065
-0.08469402847026372 -0.27028701193959065
-0.11289551387490668 -0.25315485775393637
-0.1551977419818711 -0.32168347449655355
-0.18339922738651407 -0.32168347449655355
-0.19749997008883555 -0.32168347449655355
-0.18339922738651407 -0.39021209123917067
-0.28210442630276444 -0.4244763996104793
-0.26800368360044297 -0.407344245424825
-0.26800368360044297 -0.4244763996104793
-0.28210442630276444 -0.407344245424825
-0.2539029408981215 -0.39021209123917067
-0.21160071279115703 -0.3559477828678621
-0.18339922738651407 -0.3730799370535164
-0.1551977419818711 -0.3559477828678621
-0.12699625657722816 -0.3730799370535164
-0.12699625657722816 -0.3388156286822078
-0.0987947711725852 -0.3559477828678621
-0.07059328576794224 -0.28741916612524493
-0.04239180036329928 -0.23602270356828206
-0.028291057660977805 -0.1846262410113192
0.04221265585062959 -0.11609762426870204
0.08451488395759403 0.020959609216532282
0.12681711206455845 0.055223917587840864
0.19732082557616587 0.10662038014480374
0.2960260244924162 0.1580168427017666
0.39473122340866656 0.2608097678156924
0.437033451515631 0.3122062303726552
0.47933567962259543 0.3807348471152724
0.5357386504318814 0.44926346385788957
0.6344438493481317 0.5520563889718153
0.7190483055620606 0.6205850057144324
0.8459549898829539 0.6891136224570497
1.0151639023108117 0.7919065475709753
1.1843728147386694 0.8775673184992469
1.3253802417618843 0.9289637810562097
1.466387668785099 0.9632280894275183
1.5086898968920635 1.066021014541444
1.550992124999028 1.185946093841024
1.6214958385106353 1.2716068647692955
1.6778988093199212 1.4429284066258383
1.8612084644501004 1.64851425685369
2.1009210903895656 1.9568930321954672
2.5098426287568882 2.4023290410224787
2.989267880635819 2.899161512406453
3.581499074133321 3.481654754718699
4.201931753035466 3.9784872261026734
4.723659233021361 4.321130309815759
5.076177800579398 4.201205230516179
5.203084484900291 3.704372759132205
4.991573344365468 2.830632895663836
4.455745121677253 1.6999107194106526
3.5955998168356422 0.7919065475709753
2.3970366871383164 0.055223917587840864
1.0715668731200976 -0.39021209123917067
-0.3103059117074074 -0.6985908665809479
-1.4665668132977687 -0.9555731793657622
-2.213906176520807 -1.178291183779268
-2.4254173170556292 -1.3667448798214652
-2.213906176520807 -1.4010091881927738
-1.7344809246418769 -1.2810841088931937
-1.156350473846696 -1.058366104479688
-0.6205222511584799 -0.8013837916948736
-0.21160071279115703 -0.5444014789100593
0.02811191314830811 -0.3388156286822078
0.05631339855295107 -0.1674940868256649
0.02811191314830811 -0.06470116171173917
-0.0987947711725852 -0.04756900752608488
-0.21160071279115703 -0.03043685334043059
-0.23980219819579998 -0.013304699154776299
-0.23980219819579998 -0.04756900752608488
-0.2257014554934785 -0.03043685334043059
-0.1551977419818711 0.0038274550308779907
-0.11289551387490668 0.020959609216532282
-0.12699625657722816 0.0038274550308779907
-0.11289551387490668 -0.03043685334043059
-0.1551977419818711 -0.04756900752608488
-0.1551977419818711 -0.06470116171173917
-0.21160071279115703 -0.08183331589739345
-0.1692984846841926 -0.04756900752608488
-0.19749997008883555 -0.013304699154776299
-0.18339922738651407 0.020959609216532282
-0.14109699927954963 0.055223917587840864
-0.08469402847026372 0.020959609216532282
-0.08469402847026372 0.03809176340218657
-0.07059328576794224 0.03809176340218657
-0.08469402847026372 0.03809176340218657
-0.11289551387490668 -0.013304699154776299
-0.11289551387490668 -0.013304699154776299
-0.12699625657722816 0.03809176340218657
-0.12699625657722816 0.03809176340218657
-0.12699625657722816 0.055223917587840864
-0.11289551387490668 0.07235607177349515
-0.08469402847026372 0.10662038014480374
-0.08469402847026372 0.1408846885161123
-0.07059328576794224 0.1580168427017666
-0.07059328576794224 0.1751489968874209
-0.08469402847026372 0.1922811510730752
-0.07059328576794224 0.20941330525872948
-0.056492543065620765 0.20941330525872948
-0.04239180036329928 0.22654545944438376
-0.07059328576794224 0.20941330525872948
-0.07059328576794224 0.22654545944438376
-0.08469402847026372 0.1922811510730752
-0.08469402847026372 0.22654545944438376
-0.07059328576794224 0.24367761363003806
-0.028291057660977805 0.27794192200134665
-0.028291057660977805 0.3636026929296181
0.02811191314830811 0.3807348471152724
0.04221265585062959 0.39786700130092667
0.014011170445986633 0.43213130967223523
0.05631339855295107 0.43213130967223523
0.05631339855295107 0.39786700130092667
0.07041414125527255 0.46639561804354385
0.04221265585062959 0.44926346385788957
0.02811191314830811 0.46639561804354385
0.04221265585062959 0.5520563889718153
0.07041414125527255 0.5691885431574696
0.12681711206455845 0.6205850057144324
0.14091785476687996 0.6719814682713953
0.19732082557616587 0.7405100850140125
0.21142156827848735 0.7405100850140125
0.2396230536831303 0.7747743933853211
0.22552231098080883 0.7747743933853211
0.2396230536831303 0.7405100850140125
0.21142156827848735 0.7747743933853211
0.22552231098080883 0.7747743933853211
0.21142156827848735 0.7919065475709753
0.22552231098080883 0.8261708559422839
0.2537237963854518 0.8775673184992469
0.2537237963854518 0.946095935241864
0.2960260244924162 0.9803602436131725
0.3101267671947377 1.0146245519844812
0.3806304807063451 1.0317567061701354
0.3806304807063451 1.0488888603557898
0.3806304807063451 1.0488888603557898
0.39473122340866656 1.066021014541444
0.3806304807063451 1.066021014541444
0.39473122340866656 1.0488888603557898
0.40883196611098804 1.066021014541444
0.40883196611098804 1.1174174770984069
0.437033451515631 1.1174174770984069
0.46523493692027396 1.1002853229127525
0.46523493692027396 1.134549631284061
0.46523493692027396 1.0831531687270983
0.4511341942179525 1.0146245519844812
0.4511341942179525 0.9289637810562097
0.39473122340866656 0.8946994726849011
0.3806304807063451 0.7747743933853211
0.3101267671947377 0.654849314085741
0.26782453908777326 0.6034528515287781
0.2537237963854518 0.5520563889718153
0.19732082557616587 0.46639561804354385
0.1832200828738444 0.46639561804354385
0.19732082557616587 0.39786700130092667
0.14091785476687996 0.3636026929296181
0.15501859746920144 0.3636026929296181
0.11271636936223699 0.3293383845583095
0.07041414125527255 0.27794192200134665
0.07041414125527255 0.20941330525872948
0.02811191314830811 0.08948822595914944
-0.014190314958656325 0.055223917587840864
-0.014190314958656325 0.020959609216532282
-0.028291057660977805 -0.04756900752608488
-0.0987947711725852 -0.04756900752608488
-0.07059328576794224 -0.013304699154776299
-0.08469402847026372 -0.03043685334043059
-0.08469402847026372 -0.013304699154776299
-0.028291057660977805 0.0038274550308779907
-0.07059328576794224 -0.04756900752608488
-0.056492543065620765 -0.06470116171173917
-0.056492543065620765 -0.08183331589739345
-0.07059328576794224 -0.13322977845435632
-0.11289551387490668 -0.1674940868256649
-0.1551977419818711 -0.1846262410113192
-0.1551977419818711 -0.1674940868256649
-0.1692984846841926 -0.15036193264001063
-0.1692984846841926 -0.13322977845435632
-0.14109699927954963 -0.11609762426870204
-0.11289551387490668 -0.08183331589739345
-0.07059328576794224 -0.06470116171173917
-0.04239180036329928 -0.09896547008304775
-0.04239180036329928 -0.09896547008304775
-0.04239180036329928 -0.09896547008304775
-0.08469402847026372 -0.13322977845435632
-0.14109699927954963 -0.2017583951969735
-0.14109699927954963 -0.2017583951969735
-0.1551977419818711 -0.21889054938262778
-0.14109699927954963 -0.15036193264001063
-0.14109699927954963 -0.15036193264001063
-0.1551977419818711 -0.13322977845435632
-0.08469402847026372 -0.15036193264001063
-0.056492543065620765 -0.15036193264001063
-0.04239180036329928 -0.09896547008304775
-0.04239180036329928 -0.09896547008304775
-0.056492543065620765 -0.15036193264001063
-0.07059328576794224 -0.2017583951969735
-0.056492543065620765 -0.23602270356828206
-0.056492543065620765 -0.25315485775393637
-0.07059328576794224 -0.25315485775393637
-0.056492543065620765 -0.23602270356828206
-0.056492543065620765 -0.21889054938262778
-0.056492543065620765 -0.25315485775393637
-0.04239180036329928 -0.1674940868256649
-0.04239180036329928 -0.2017583951969735
-0.04239180036329928 -0.1846262410113192
-0.014190314958656325 -0.21889054938262778
-0.056492543065620765 -0.23602270356828206
-0.014190314958656325 -0.27028701193959065
-0.07059328576794224 -0.27028701193959065
-0.04239180036329928 -0.28741916612524493
-0.04239180036329928 -0.28741916612524493
-0.08469402847026372 -0.28741916612524493
-0.11289551387490668 -0.3045513203108992
-0.0987947711725852 -0.28741916612524493
-0.11289551387490668 -0.27028701193959065
-0.056492543065620765 -0.3045513203108992
-0.056492543065620765 -0.28741916612524493
-0.04239180036329928 -0.28741916612524493
-0.028291057660977805 -0.32168347449655355
-0.08469402847026372 -0.3559477828678621
-0.1551977419818711 -0.3730799370535164
-0.1551977419818711 -0.3730799370535164
-0.19749997008883555 -0.39021209123917067
-0.19749997008883555 -0.39021209123917067
-0.19749997008883555 -0.3730799370535164
-0.14109699927954963 -0.3559477828678621
-0.18339922738651407 -0.32168347449655355
-0.08469402847026372 -0.32168347449655355
-0.08469402847026372 -0.32168347449655355
-0.07059328576794224 -0.3388156286822078
-0.0987947711725852 -0.3559477828678621
-0.14109699927954963 -0.3730799370535164
-0.18339922738651407 -0.407344245424825
-0.18339922738651407 -0.4244763996104793
-0.19749997008883555 -0.4244763996104793
-0.21160071279115703 -0.45874070798178784
-0.19749997008883555 -0.4244763996104793
-0.1692984846841926 -0.45874070798178784
-0.12699625657722816 -0.45874070798178784
-0.14109699927954963 -0.45874070798178784
-0.1551977419818711 -0.4758728621674421
-0.14109699927954963 -0.4758728621674421
-0.1551977419818711 -0.4930050163530964
-0.18339922738651407 -0.4930050163530964
-0.19749997008883555 -0.5444014789100593
-0.2257014554934785 -0.5444014789100593
-0.19749997008883555 -0.527269324724405
-0.23980219819579998 -0.4758728621674421
-0.18339922738651407 -0.4930050163530964
-0.1692984846841926 -0.4930050163530964
-0.1551977419818711 -0.44160855379613356
-0.14109699927954963 -0.45874070798178784
-0.1551977419818711 -0.4244763996104793
-0.1551977419818711 -0.44160855379613356
-0.1692984846841926 -0.45874070798178784
-0.2257014554934785 -0.4930050163530964
-0.21160071279115703 -0.4758728621674421
-0.19749997008883555 -0.5444014789100593
-0.19749997008883555 -0.527269324724405
-0.23980219819579998 -0.4930050163530964
-0.23980219819579998 -0.4758728621674421
-0.2257014554934785 -0.45874070798178784
-0.21160071279115703 -0.4758728621674421
-0.18339922738651407 -0.45874070798178784
-0.1551977419818711 -0.45874070798178784
-0.1551977419818711 -0.407344245424825
-0.14109699927954963 -0.44160855379613356
-0.1551977419818711 -0.44160855379613356
-0.18339922738651407 -0.45874070798178784
-0.18339922738651407 -0.4758728621674421
-0.18339922738651407 -0.4758728621674421
-0.19749997008883555 -0.4930050163530964
-0.21160071279115703 -0.4930050163530964
-0.18339922738651407 -0.45874070798178784
-0.1551977419818711 -0.527269324724405
-0.12699625657722816 -0.4758728621674421
-0.18339922738651407 -0.4930050163530964
-0.1551977419818711 -0.4930050163530964
-0.1551977419818711 -0.5101371705387507
-0.18339922738651407 -0.527269324724405
-0.21160071279115703 -0.527269324724405
-0.2257014554934785 -0.5444014789100593
-0.23980219819579998 -0.527269324724405
-0.23980219819579998 -0.4930050163530964
-0.18339922738651407 -0.45874070798178784
-0.18339922738651407 -0.4244763996104793
-0.1551977419818711 -0.4244763996104793
-0.1551977419818711 -0.407344245424825
-0.1692984846841926 -0.3730799370535164
-0.1692984846841926 -0.39021209123917067
-0.18339922738651407 -0.4244763996104793
-0.1692984846841926 -0.44160855379613356
-0.1692984846841926 -0.4758728621674421
-0.19749997008883555 -0.4930050163530964
-0.19749997008883555 -0.527269324724405
-0.18339922738651407 -0.4930050163530964
-0.21160071279115703 -0.45874070798178784
-0.21160071279115703 -0.4244763996104793
-0.1551977419818711 -0.407344245424825
-0.14109699927954963 -0.39021209123917067
-0.18339922738651407 -0.39021209123917067
-0.1551977419818711 -0.44160855379613356
-0.11289551387490668 -0.45874070798178784
-0.14109699927954963 -0.4930050163530964
-0.18339922738651407 -0.527269324724405
-0.1551977419818711 -0.527269324724405
-0.2257014554934785 -0.4930050163530964
-0.21160071279115703 -0.5101371705387507
-0.18339922738651407 -0.44160855379613356
-0.2257014554934785 -0.407344245424825
-0.1551977419818711 -0.39021209123917067
-0.11289551387490668 -0.3559477828678621
-0.08469402847026372 -0.3559477828678621
-0.04239180036329928 -0.3559477828678621
-0.07059328576794224 -0.3559477828678621
-0.04239180036329928 -0.3559477828678621
0.014011170445986633 -0.25315485775393637
-8.957225633484616e-05 -0.25315485775393637
0.04221265585062959 -0.21889054938262778
0.05631339855295107 -0.2017583951969735
0.09861562665991551 -0.1674940868256649
0.14091785476687996 -0.1674940868256649
0.19732082557616587 -0.08183331589739345
0.28192528179009474 -0.03043685334043059
0.28192528179009474 0.0038274550308779907
0.2960260244924162 0.055223917587840864
0.28192528179009474 0.07235607177349515
0.2537237963854518 0.03809176340218657
0.22552231098080883 0.03809176340218657
0.19732082557616587 0.020959609216532282
0.21142156827848735 0.020959609216532282
0.1832200828738444 -0.03043685334043059
0.19732082557616587 -0.013304699154776299
0.1832200828738444 -0.06470116171173917
0.15501859746920144 -0.08183331589739345
0.12681711206455845 -0.1674940868256649
0.11271636936223699 -0.23602270356828206
0.05631339855295107 -0.25315485775393637
-0.014190314958656325 -0.3045513203108992
-0.056492543065620765 -0.3045513203108992
-0.07059328576794224 -0.3388156286822078
-0.056492543065620765 -0.3388156286822078
-0.11289551387490668 -0.28741916612524493
-0.1692984846841926 -0.27028701193959065
-0.14109699927954963 -0.28741916612524493
-0.18339922738651407 -0.32168347449655355
-0.21160071279115703 -0.3045513203108992
-0.23980219819579998 -0.32168347449655355
-0.2257014554934785 -0.3730799370535164
-0.23980219819579998 -0.3559477828678621
-0.21160071279115703 -0.39021209123917067
-0.21160071279115703 -0.407344245424825
-0.18339922738651407 -0.407344245424825
-0.1551977419818711 -0.407344245424825
-0.1692984846841926 -0.3730799370535164
-0.1692984846841926 -0.3388156286822078
-0.0987947711725852 -0.27028701193959065
-0.07059328576794224 -0.1846262410113192
-0.014190314958656325 -0.09896547008304775
0.04221265585062959 -0.08183331589739345
0.11271636936223699 -0.04756900752608488
0.14091785476687996 0.0038274550308779907
0.1832200828738444 0.0038274550308779907
0.21142156827848735 0.08948822595914944
0.22552231098080883 0.1408846885161123
0.28192528179009474 0.20941330525872948
0.3242275098970592 0.3293383845583095
0.40883196611098804 0.3636026929296181
0.47933567962259543 0.5177920806005067
0.6203431066458103 0.6034528515287781
0.7331490482643821 0.7062457766427039
0.8882572179899183 0.8261708559422839
1.0433653877154545 0.8433030101279382
1.170272072036348 0.9118316268705554
1.3112794990595626 0.946095935241864
1.409984697975813 1.0146245519844812
1.466387668785099 1.0146245519844812
1.5086898968920635 1.066021014541444
1.550992124999028 1.1688139396553698
1.6214958385106353 1.2716068647692955
1.8048054936408144 1.5457213317397642
1.9740144060686722 1.836967952895887
2.3265329736267093 2.2310074991659357
2.6931522838870676 2.72783997054991
3.186678278468319 3.2760689044908475
3.680204273049571 3.721504913317859
4.201931753035466 4.16694092214487
4.6249540341051105 4.303998155630105
4.90696888815154 4.132676613773562
4.949271116258505 3.4473904463473906
4.681357004914396 2.539386274507713
4.159629524928501 1.4600605608114927
3.3417864481938557 0.6205850057144324
2.270130002817423 -0.04756900752608488
0.9446601887992042 -0.44160855379613356
-0.3244066544097289 -0.6643265582096394
-1.3678616143815183 -0.938441025180108
-1.9882942932836634 -1.1611590295936138
-2.1716039484138427 -1.3324805714501566
-2.016495778688306 -1.4352734965640823
-1.621674983023305 -1.3324805714501566
-1.1422497311443747 -1.1440268754079594
-0.6769252219677658 -0.938441025180108
-0.33850739711205036 -0.5957979414670221
-0.11289551387490668 -0.3388156286822078
-0.04239180036329928 -0.13322977845435632
0.014011170445986633 -0.013304699154776299
-8.957225633484616e-05 0.020959609216532282
-0.07059328576794224 0.03809176340218657
-0.11289551387490668 0.020959609216532282
-0.12699625657722816 -0.04756900752608488
-0.18339922738651407 -0.06470116171173917
-0.21160071279115703 -0.06470116171173917
-0.19749997008883555 -0.04756900752608488
-0.1692984846841926 -0.04756900752608488
-0.19749997008883555 -0.013304699154776299
-0.14109699927954963 0.03809176340218657
-0.12699625657722816 0.03809176340218657
-0.07059328576794224 0.07235607177349515
-0.07059328576794224 0.07235607177349515
-0.04239180036329928 0.055223917587840864
-0.056492543065620765 0.08948822595914944
-0.056492543065620765 0.07235607177349515
-0.07059328576794224 0.07235607177349515
-0.056492543065620765 0.055223917587840864
-0.0987947711725852 0.055223917587840864
-0.08469402847026372 0.07235607177349515
-0.0987947711725852 0.10662038014480374
-0.08469402847026372 0.1408846885161123
-0.04239180036329928 0.10662038014480374
-0.04239180036329928 0.12375253433045802
-0.04239180036329928 0.1751489968874209
-0.028291057660977805 0.1922811510730752
-0.07059328576794224 0.1408846885161123
-0.056492543065620765 0.1580168427017666
-0.07059328576794224 0.12375253433045802
-0.04239180036329928 0.1751489968874209
-0.04239180036329928 0.1408846885161123
-0.04239180036329928 0.1922811510730752
-0.04239180036329928 0.1580168427017666
-0.04239180036329928 0.20941330525872948
-0.056492543065620765 0.24367761363003806
-0.028291057660977805 0.27794192200134665
-0.014190314958656325 0.3293383845583095
-0.014190314958656325 0.3464705387439638
-8.957225633484616e-05 0.3293383845583095
-0.014190314958656325 0.3293383845583095
-0.014190314958656325 0.3293383845583095
0.02811191314830811 0.3122062303726552
-8.957225633484616e-05 0.3293383845583095
0.02811191314830811 0.3464705387439638
0.014011170445986633 0.3807348471152724
-8.957225633484616e-05 0.44926346385788957
0.04221265585062959 0.4835277722291981
0.014011170445986633 0.5520563889718153
0.07041414125527255 0.6034528515287781
0.11271636936223699 0.654849314085741
0.14091785476687996 0.654849314085741
0.15501859746920144 0.6205850057144324
0.1691193401715229 0.6377171599000867
0.15501859746920144 0.5863206973431239
0.15501859746920144 0.5691885431574696
0.1832200828738444 0.6377171599000867
0.1691193401715229 0.6891136224570497
0.1832200828738444 0.7576422391996668
0.21142156827848735 0.8261708559422839
0.2537237963854518 0.8775673184992469
0.2960260244924162 0.946095935241864
0.33832825259938065 0.9632280894275183
0.3665297380040236 0.9974923977988268
0.3242275098970592 0.9803602436131725
0.3101267671947377 0.9632280894275183
0.28192528179009474 0.9803602436131725
0.26782453908777326 0.9803602436131725
0.28192528179009474 0.9632280894275183
0.2960260244924162 0.9974923977988268
0.2960260244924162 1.0488888603557898
0.33832825259938065 1.066021014541444
0.35242899530170213 1.134549631284061
0.39473122340866656 1.1002853229127525
0.35242899530170213 1.134549631284061
0.3665297380040236 1.1174174770984069
0.39473122340866656 1.1002853229127525
0.3665297380040236 1.066021014541444
0.3665297380040236 1.0146245519844812
0.35242899530170213 0.9803602436131725
0.33832825259938065 0.9632280894275183
0.3242275098970592 0.8946994726849011
0.2960260244924162 0.8433030101279382
0.28192528179009474 0.8261708559422839
0.26782453908777326 0.7576422391996668
0.2537237963854518 0.6719814682713953
0.22552231098080883 0.5691885431574696
0.19732082557616587 0.5006599264148525
0.15501859746920144 0.41499915548658095
0.12681711206455845 0.3122062303726552
0.09861562665991551 0.2608097678156924
-8.957225633484616e-05 0.20941330525872948
-0.028291057660977805 0.1751489968874209
-0.07059328576794224 0.1580168427017666
-0.07059328576794224 0.12375253433045802
-0.12699625657722816 0.10662038014480374
-0.0987947711725852 0.12375253433045802
-0.0987947711725852 0.07235607177349515
-0.0987947711725852 0.07235607177349515
-0.11289551387490668 0.020959609216532282
-0.11289551387490668 -0.013304699154776299
-0.12699625657722816 -0.08183331589739345
-0.1692984846841926 -0.08183331589739345
-0.19749997008883555 -0.08183331589739345
-0.21160071279115703 -0.09896547008304775
-0.2257014554934785 -0.09896547008304775
-0.23980219819579998 -0.11609762426870204
-0.2257014554934785 -0.08183331589739345
-0.18339922738651407 -0.06470116171173917
-0.21160071279115703 -0.08183331589739345
-0.21160071279115703 -0.04756900752608488
-0.19749997008883555 -0.013304699154776299
-0.18339922738651407 -0.06470116171173917
-0.18339922738651407 -0.08183331589739345
-0.18339922738651407 -0.09896547008304775
-0.19749997008883555 -0.13322977845435632
-0.21160071279115703 -0.15036193264001063
-0.2257014554934785 -0.15036193264001063
-0.2257014554934785 -0.1674940868256649
-0.2257014554934785 -0.13322977845435632
-0.21160071279115703 -0.15036193264001063
-0.1692984846841926 -0.11609762426870204
-0.14109699927954963 -0.13322977845435632
-0.14109699927954963 -0.13322977845435632
-0.1551977419818711 -0.11609762426870204
-0.19749997008883555 -0.1846262410113192
-0.19749997008883555 -0.1846262410113192
-0.19749997008883555 -0.1846262410113192
-0.18339922738651407 -0.1846262410113192
-0.18339922738651407 -0.1674940868256649
-0.1551977419818711 -0.15036193264001063
-0.12699625657722816 -0.13322977845435632
-0.14109699927954963 -0.13322977845435632
-0.08469402847026372 -0.13322977845435632
-0.08469402847026372 -0.11609762426870204
-0.11289551387490668 -0.15036193264001063
-0.0987947711725852 -0.1846262410113192
-0.12699625657722816 -0.2017583951969735
-0.1551977419818711 -0.2017583951969735
-0.14109699927954963 -0.2017583951969735
-0.1551977419818711 -0.23602270356828206
-0.1551977419818711 -0.23602270356828206
-0.14109699927954963 -0.27028701193959065
-0.14109699927954963 -0.25315485775393637
-0.1692984846841926 -0.27028701193959065
-0.14109699927954963 -0.25315485775393637
-0.11289551387490668 -0.28741916612524493
-0.11289551387490668 -0.27028701193959065
-0.11289551387490668 -0.3045513203108992
-0.12699625657722816 -0.3388156286822078
-0.1551977419818711 -0.4244763996104793
-0.19749997008883555 -0.3730799370535164
-0.19749997008883555 -0.3559477828678621
-0.19749997008883555 -0.407344245424825
-0.2257014554934785 -0.4244763996104793
-0.2539029408981215 -0.3559477828678621
-0.23980219819579998 -0.39021209123917067
-0.23980219819579998 -0.3730799370535164
-0.18339922738651407 -0.39021209123917067
-0.18339922738651407 -0.39021209123917067
-0.18339922738651407 -0.4244763996104793
-0.18339922738651407 -0.45874070798178784
-0.21160071279115703 -0.45874070798178784
-0.23980219819579998 -0.44160855379613356
-0.2539029408981215 -0.45874070798178784
-0.28210442630276444 -0.4758728621674421
-0.26800368360044297 -0.4244763996104793
-0.28210442630276444 -0.407344245424825
-0.23980219819579998 -0.39021209123917067
-0.26800368360044297 -0.3388156286822078
-0.2257014554934785 -0.3559477828678621
-0.23980219819579998 -0.407344245424825
-0.2257014554934785 -0.4244763996104793
-0.23980219819579998 -0.45874070798178784
-0.26800368360044297 -0.4930050163530964
-0.3244066544097289 -0.5101371705387507
-0.33850739711205036 -0.5101371705387507
-0.3244066544097289 -0.527269324724405
-0.3103059117074074 -0.527269324724405
-0.3244066544097289 -0.5444014789100593
-0.2539029408981215 -0.5101371705387507
-0.23980219819579998 -0.5101371705387507
-0.23980219819579998 -0.5444014789100593
-0.2257014554934785 -0.4930050163530964
-0.23980219819579998 -0.4930050163530964
-0.3244066544097289 -0.4930050163530964
-0.2962051690050859 -0.5101371705387507
-0.35260813981437183 -0.5101371705387507
-0.3244066544097289 -0.5615336330957136
-0.3244066544097289 -0.5615336330957136
-0.3244066544097289 -0.527269324724405
-0.2962051690050859 -0.4930050163530964
-0.2962051690050859 -0.4758728621674421
-0.3103059117074074 -0.4758728621674421
-0.28210442630276444 -0.4758728621674421
-0.33850739711205036 -0.5101371705387507
-0.33850739711205036 -0.5444014789100593
-0.3667088825166933 -0.5101371705387507
-0.35260813981437183 -0.5101371705387507
-0.3667088825166933 -0.4758728621674421
-0.3244066544097289 -0.4758728621674421
-0.33850739711205036 -0.527269324724405
-0.3103059117074074 -0.5615336330957136
-0.28210442630276444 -0.5444014789100593
-0.2962051690050859 -0.527269324724405
-0.28210442630276444 -0.4930050163530964
-0.3103059117074074 -0.5101371705387507
-0.2539029408981215 -0.5101371705387507
-0.28210442630276444 -0.4930050163530964
-0.26800368360044297 -0.5786657872813679
-0.2962051690050859 -0.6300622498383307
-0.3244066544097289 -0.6129300956526764
-0.3103059117074074 -0.6471944040239851
-0.33850739711205036 -0.6471944040239851
-0.33850739711205036 -0.6129300956526764
-0.3244066544097289 -0.5786657872813679
-0.28210442630276444 -0.5615336330957136
-0.28210442630276444 -0.527269324724405
-0.26800368360044297 -0.5444014789100593
-0.2962051690050859 -0.5101371705387507
-0.2962051690050859 -0.5444014789100593
-0.3244066544097289 -0.5444014789100593
-0.35260813981437183 -0.5957979414670221
-0.35260813981437183 -0.5957979414670221
-0.3667088825166933 -0.5957979414670221
-0.3667088825166933 -0.5786657872813679
-0.39491036792133627 -0.5957979414670221
-0.3808096252190148 -0.5786657872813679
-0.33850739711205036 -0.5615336330957136
-0.28210442630276444 -0.5101371705387507
-0.28210442630276444 -0.5101371705387507
-0.3244066544097289 -0.4930050163530964
-0.3244066544097289 -0.4758728621674421
-0.35260813981437183 -0.5444014789100593
-0.33850739711205036 -0.5615336330957136
-0.3667088825166933 -0.6129300956526764
-0.33850739711205036 -0.6300622498383307
-0.33850739711205036 -0.6300622498383307
-0.3244066544097289 -0.5786657872813679
-0.3103059117074074 -0.5615336330957136
-0.26800368360044297 -0.4758728621674421
-0.26800368360044297 -0.407344245424825
-0.2539029408981215 -0.3730799370535164
-0.2257014554934785 -0.407344245424825
-0.21160071279115703 -0.4244763996104793
-0.2257014554934785 -0.4244763996104793
-0.18339922738651407 -0.44160855379613356
-0.1551977419818711 -0.4244763996104793
-0.12699625657722816 -0.4244763996104793
-0.0987947711725852 -0.407344245424825
-0.056492543065620765 -0.3388156286822078
-8.957225633484616e-05 -0.28741916612524493
-8.957225633484616e-05 -0.21889054938262778
0.014011170445986633 -0.13322977845435632
0.05631339855295107 -0.13322977845435632
0.04221265585062959 -0.11609762426870204
0.05631339855295107 -0.09896547008304775
0.04221265585062959 -0.11609762426870204
-8.957225633484616e-05 -0.1846262410113192
-0.014190314958656325 -0.21889054938262778
-0.07059328576794224 -0.23602270356828206
-0.0987947711725852 -0.21889054938262778
-0.0987947711725852 -0.23602270356828206
-0.12699625657722816 -0.28741916612524493
-0.14109699927954963 -0.3045513203108992
-0.21160071279115703 -0.3730799370535164
-0.2257014554934785 -0.4244763996104793
-0.2257014554934785 -0.5101371705387507
-0.2539029408981215 -0.4930050163530964
-0.28210442630276444 -0.5615336330957136
-0.3244066544097289 -0.5615336330957136
-0.40901111062365775 -0.5444014789100593
-0.4372125960283007 -0.5444014789100593
-0.46541408143294366 -0.5786657872813679
-0.4936155668375866 -0.6471944040239851
-0.535917794944551 -0.6814587123952937
-0.5218170522422295 -0.6814587123952937
-0.47951482413526514 -0.6643265582096394
-0.4513133387306222 -0.5786657872813679
-0.4513133387306222 -0.6300622498383307
-0.47951482413526514 -0.5957979414670221
-0.4936155668375866 -0.6471944040239851
-0.47951482413526514 -0.6814587123952937
-0.5077163095399081 -0.6814587123952937
-0.47951482413526514 -0.6985908665809479
-0.5077163095399081 -0.6471944040239851
-0.5218170522422295 -0.5786657872813679
-0.4936155668375866 -0.6300622498383307
-0.4936155668375866 -0.5957979414670221
-0.4936155668375866 -0.5615336330957136
-0.46541408143294366 -0.6300622498383307
-0.4513133387306222 -0.6300622498383307
-0.4513133387306222 -0.6300622498383307
-0.4372125960283007 -0.6471944040239851
-0.4372125960283007 -0.6814587123952937
-0.4231118533259792 -0.6643265582096394
-0.4231118533259792 -0.6300622498383307
-0.4372125960283007 -0.6129300956526764
-0.4372125960283007 -0.5786657872813679
-0.40901111062365775 -0.5786657872813679
-0.3808096252190148 -0.527269324724405
-0.35260813981437183 -0.45874070798178784
-0.28210442630276444 -0.44160855379613356
-0.2539029408981215 -0.4244763996104793
-0.21160071279115703 -0.39021209123917067
-0.19749997008883555 -0.3559477828678621
-0.1551977419818711 -0.25315485775393637
-0.014190314958656325 -0.13322977845435632
0.22552231098080883 0.07235607177349515
0.5357386504318814 0.3293383845583095
0.9446601887992042 0.6891136224570497
1.494589154189742 1.0488888603557898
2.1291225757942085 1.4257962524401842
2.820058968207961 1.7855714903389241
3.468693132514749 1.9911573405667757
4.032722840607608 1.8541001070815413
4.357039922761002 1.4257962524401842
4.3006369519517165 0.654849314085741
3.905816156286715 -0.27028701193959065
3.059771594147426 -1.229687646336231
1.9458129206640293 -2.052031047247637
0.6062423639434887 -2.651656443745537
-0.7897311635863377 -3.079960298386894
-1.974193550581342 -3.3883390737286714
-2.806137370018309 -3.4911319988425973
-3.1586559375763463 -3.5253963072139056
-2.975346282446167 -3.4568676904712885
-2.495921030567237 -3.285546148614746
-1.9318913224743774 -3.0456959900155858
-1.3255593862745538 -2.6345242895598826
-0.8320333916933021 -2.1548239723615628
-0.46541408143294366 -1.657991500977588
-0.21160071279115703 -1.1954233379649224
-0.0987947711725852 -0.767119483323565
-0.04239180036329928 -0.4244763996104793
-0.028291057660977805 -0.23602270356828206
-0.0987947711725852 -0.08183331589739345
-0.12699625657722816 -0.013304699154776299
-0.14109699927954963 -0.06470116171173917
-0.12699625657722816 -0.08183331589739345
-0.11289551387490668 -0.03043685334043059
-0.0987947711725852 0.020959609216532282
-0.07059328576794224 0.020959609216532282
-0.056492543065620765 0.055223917587840864
-0.04239180036329928 0.10662038014480374
-0.0987947711725852 0.1408846885161123
-0.07059328576794224 0.22654545944438376
-0.028291057660977805 0.2608097678156924
-0.014190314958656325 0.3293383845583095
0.02811191314830811 0.3636026929296181
0.07041414125527255 0.3464705387439638
0.08451488395759403 0.3464705387439638
0.11271636936223699 0.3464705387439638
0.09861562665991551 0.3464705387439638
0.08451488395759403 0.3636026929296181
0.08451488395759403 0.39786700130092667
0.08451488395759403 0.44926346385788957
0.11271636936223699 0.5520563889718153
0.09861562665991551 0.5520563889718153
0.12681711206455845 0.5520563889718153
0.1832200828738444 0.6377171599000867
0.22552231098080883 0.6719814682713953
0.26782453908777326 0.7062457766427039
0.2537237963854518 0.7747743933853211
0.3242275098970592 0.7747743933853211
0.28192528179009474 0.8090387017566296
0.28192528179009474 0.7919065475709753
0.3101267671947377 0.8604351643135925
0.33832825259938065 0.8946994726849011
0.3806304807063451 0.9632280894275183
0.39473122340866656 1.0146245519844812
0.4511341942179525 1.066021014541444
0.47933567962259543 1.134549631284061
0.5216379077295599 1.185946093841024
0.5075371650272384 1.2030782480266784
0.5780408785388458 1.2887390189549497
0.6062423639434887 1.305871173140604
0.5921416212411673 1.357267635697567
0.6062423639434887 1.3743997898832212
0.6626453347527747 1.4429284066258383
0.7190483055620606 1.5285891775541098
0.7049475628597391 1.6142499484823813
0.7472497909667035 1.717042873596307
0.8036527617759894 1.8712322612671957
0.8318542471806324 1.9397608780098128
0.9023579606922398 2.0425538031237385
0.9164587033945613 2.1110824198663556
0.9869624169061687 2.0939502656807014
1.0151639023108117 2.1110824198663556
1.0433653877154545 2.1453467282376644
1.085667615822419 2.1453467282376644
1.113869101227062 2.1796110366089727
1.113869101227062 2.2310074991659357
1.142070586631705 2.2824039617228986
1.170272072036348 2.3851968868368245
1.1843728147386694 2.4023290410224787
1.1984735574409908 2.4537255035794416
1.2689772709525982 2.5051219661364046
1.2689772709525982 2.556518428693367
1.3394809844642057 2.5736505828790217
1.3394809844642057 2.5736505828790217
1.3535817271665271 2.590782737064676
1.3394809844642057 2.539386274507713
1.3112794990595626 2.470857657765096
1.2971787563572412 2.419461195208133
1.2689772709525982 2.4537255035794416
1.2971787563572412 2.3851968868368245
1.3112794990595626 2.36806473265117
1.3253802417618843 2.3509325784655157
1.3394809844642057 2.3166682700942074
1.3253802417618843 2.2138753449802815
1.2548765282502767 2.0768181114950472
1.2125743001433122 1.9568930321954672
1.1561713293340263 1.836967952895887
1.0574661304177762 1.665646411039344
0.9446601887992042 1.4943248691828013
0.8600557325852753 1.3401354815119126
0.817753504478311 1.2716068647692955
0.7190483055620606 1.1174174770984069
0.6767460774550962 0.9974923977988268
0.6203431066458103 0.8433030101279382
0.5498393931342028 0.7405100850140125
0.46523493692027396 0.654849314085741
0.3665297380040236 0.5520563889718153
0.2960260244924162 0.43213130967223523
0.19732082557616587 0.3122062303726552
0.12681711206455845 0.20941330525872948
0.11271636936223699 0.1408846885161123
0.02811191314830811 0.07235607177349515
-8.957225633484616e-05 0.03809176340218657
-0.07059328576794224 0.0038274550308779907
-0.08469402847026372 -0.06470116171173917
-0.1551977419818711 -0.11609762426870204
-0.1692984846841926 -0.13322977845435632
-0.19749997008883555 -0.1846262410113192
-0.19749997008883555 -0.2017583951969735
-0.19749997008883555 -0.21889054938262778
-0.23980219819579998 -0.23602270356828206
-0.2539029408981215 -0.3045513203108992
-0.28210442630276444 -0.28741916612524493
-0.33850739711205036 -0.3388156286822078
-0.35260813981437183 -0.32168347449655355
-0.3244066544097289 -0.3559477828678621
-0.3667088825166933 -0.3559477828678621
-0.3244066544097289 -0.3388156286822078
-0.2539029408981215 -0.3559477828678621
-0.26800368360044297 -0.3559477828678621
-0.23980219819579998 -0.3559477828678621
-0.2257014554934785 -0.39021209123917067
-0.23980219819579998 -0.44160855379613356
-0.26800368360044297 -0.39021209123917067
-0.28210442630276444 -0.407344245424825
-0.2962051690050859 -0.407344245424825
-0.35260813981437183 -0.39021209123917067
-0.35260813981437183 -0.3730799370535164
-0.3103059117074074 -0.32168347449655355
-0.28210442630276444 -0.3388156286822078
-0.21160071279115703 -0.32168347449655355
-0.26800368360044297 -0.3559477828678621
-0.2257014554934785 -0.3388156286822078
-0.2257014554934785 -0.3559477828678621
-0.26800368360044297 -0.39021209123917067
-0.26800368360044297 -0.3730799370535164
-0.28210442630276444 -0.3559477828678621
-0.28210442630276444 -0.3730799370535164
-0.26800368360044297 -0.3559477828678621
-0.26800368360044297 -0.3388156286822078
-0.2539029408981215 -0.3559477828678621
-0.21160071279115703 -0.32168347449655355
-0.21160071279115703 -0.3730799370535164
-0.1692984846841926 -0.32168347449655355
-0.18339922738651407 -0.39021209123917067
-0.2539029408981215 -0.39021209123917067
-0.2539029408981215 -0.4244763996104793
-0.28210442630276444 -0.44160855379613356
-0.28210442630276444 -0.45874070798178784
-0.23980219819579998 -0.45874070798178784
-0.26800368360044297 -0.4244763996104793
-0.21160071279115703 -0.44160855379613356
-0.2257014554934785 -0.4244763996104793
-0.2257014554934785 -0.407344245424825
-0.2257014554934785 -0.39021209123917067
-0.21160071279115703 -0.4244763996104793
-0.2257014554934785 -0.45874070798178784
-0.2257014554934785 -0.45874070798178784
-0.2539029408981215 -0.4758728621674421
-0.28210442630276444 -0.5101371705387507
-0.2962051690050859 -0.4930050163530964
-0.3244066544097289 -0.4930050163530964
-0.33850739711205036 -0.527269324724405
-0.33850739711205036 -0.4930050163530964
-0.3103059117074074 -0.4930050163530964
-0.33850739711205036 -0.4758728621674421
-0.3103059117074074 -0.45874070798178784
-0.2962051690050859 -0.5101371705387507
-0.3244066544097289 -0.4758728621674421
-0.2962051690050859 -0.4930050163530964
-0.33850739711205036 -0.5786657872813679
-0.3244066544097289 -0.527269324724405
-0.35260813981437183 -0.5786657872813679
-0.3808096252190148 -0.5957979414670221
-0.40901111062365775 -0.5786657872813679
-0.4513133387306222 -0.5615336330957136
-0.4513133387306222 -0.5957979414670221
-0.39491036792133627 -0.527269324724405
-0.39491036792133627 -0.5101371705387507
-0.39491036792133627 -0.5101371705387507
-0.3667088825166933 -0.5444014789100593
-0.3808096252190148 -0.5444014789100593
-0.40901111062365775 -0.5957979414670221
-0.4513133387306222 -0.6129300956526764
-0.4936155668375866 -0.6129300956526764
-0.5077163095399081 -0.6129300956526764
-0.5218170522422295 -0.6129300956526764
-0.47951482413526514 -0.6129300956526764
-0.4513133387306222 -0.6471944040239851
-0.4513133387306222 -0.6643265582096394
-0.39491036792133627 -0.5957979414670221
-0.3808096252190148 -0.6129300956526764
-0.39491036792133627 -0.5786657872813679
-0.40901111062365775 -0.5786657872813679
-0.40901111062365775 -0.5786657872813679
-0.4372125960283007 -0.6300622498383307
-0.4513133387306222 -0.6814587123952937
-0.46541408143294366 -0.7157230207666022
-0.4936155668375866 -0.7157230207666022
-0.47951482413526514 -0.7157230207666022
-0.4513133387306222 -0.6814587123952937
-0.46541408143294366 -0.6643265582096394
-0.4231118533259792 -0.6300622498383307
-0.3808096252190148 -0.6129300956526764
-0.40901111062365775 -0.6643265582096394
-0.3808096252190148 -0.6300622498383307
-0.40901111062365775 -0.6471944040239851
-0.4231118533259792 -0.6471944040239851
-0.4231118533259792 -0.6643265582096394
-0.4372125960283007 -0.6814587123952937
-0.4231118533259792 -0.6814587123952937
-0.39491036792133627 -0.6985908665809479
-0.3808096252190148 -0.5957979414670221
-0.3808096252190148 -0.5957979414670221
-0.3808096252190148 -0.5957979414670221
-0.35260813981437183 -0.6129300956526764
-0.39491036792133627 -0.5786657872813679
-0.3667088825166933 -0.6300622498383307
-0.3667088825166933 -0.5957979414670221
-0.35260813981437183 -0.6129300956526764
-0.3103059117074074 -0.5957979414670221
-0.3244066544097289 -0.6300622498383307
-0.3103059117074074 -0.5786657872813679
-0.33850739711205036 -0.5444014789100593
-0.26800368360044297 -0.5101371705387507
-0.2257014554934785 -0.44160855379613356
-0.1692984846841926 -0.407344245424825
-0.1551977419818711 -0.3730799370535164
-0.14109699927954963 -0.3388156286822078
-0.08469402847026372 -0.3388156286822078
-0.04239180036329928 -0.3388156286822078
-0.056492543065620765 -0.3388156286822078
-0.04239180036329928 -0.25315485775393637
-0.08469402847026372 -0.25315485775393637
-0.04239180036329928 -0.23602270356828206
-0.08469402847026372 -0.25315485775393637
-0.07059328576794224 -0.21889054938262778
-0.056492543065620765 -0.25315485775393637
-0.04239180036329928 -0.23602270356828206
-0.014190314958656325 -0.25315485775393637
-0.04239180036329928 -0.28741916612524493
-0.056492543065620765 -0.3388156286822078
-0.0987947711725852 -0.39021209123917067
-0.1692984846841926 -0.4758728621674421
-0.23980219819579998 -0.5615336330957136
-0.2962051690050859 -0.6129300956526764
-0.33850739711205036 -0.5957979414670221
-0.3808096252190148 -0.5957979414670221
-0.3244066544097289 -0.527269324724405
-0.3244066544097289 -0.527269324724405
-0.3244066544097289 -0.5101371705387507
-0.35260813981437183 -0.5615336330957136
-0.39491036792133627 -0.5615336330957136
-0.4372125960283007 -0.5957979414670221
-0.46541408143294366 -0.6814587123952937
-0.564119280349194 -0.6985908665809479
-0.5500185376468725 -0.7157230207666022
-0.5077163095399081 -0.7499873291379108
-0.535917794944551 -0.7328551749522565
-0.4936155668375866 -0.6814587123952937
-0.4936155668375866 -0.6814587123952937
-0.4936155668375866 -0.6471944040239851
-0.4936155668375866 -0.6643265582096394
-0.4513133387306222 -0.6300622498383307
-0.46541408143294366 -0.6643265582096394
-0.47951482413526514 -0.6471944040239851
-0.4513133387306222 -0.6471944040239851
-0.47951482413526514 -0.6643265582096394
-0.5218170522422295 -0.6985908665809479
-0.5218170522422295 -0.6814587123952937
-0.5218170522422295 -0.6814587123952937
-0.46541408143294366 -0.6471944040239851
-0.4231118533259792 -0.6300622498383307
-0.4513133387306222 -0.5786657872813679
-0.40901111062365775 -0.5957979414670221
-0.39491036792133627 -0.5786657872813679
-0.4231118533259792 -0.5786657872813679
-0.4231118533259792 -0.5786657872813679
-0.3667088825166933 -0.5957979414670221
-0.35260813981437183 -0.5957979414670221
-0.35260813981437183 -0.6129300956526764
-0.3667088825166933 -0.5786657872813679
-0.3667088825166933 -0.6129300956526764
-0.33850739711205036 -0.5615336330957136
-0.2962051690050859 -0.4758728621674421
-0.23980219819579998 -0.407344245424825
-0.21160071279115703 -0.28741916612524493
-0.11289551387490668 -0.1674940868256649
0.14091785476687996 -0.03043685334043059
0.4229327088133095 0.1751489968874209
0.789552019073668 0.39786700130092667
1.2548765282502767 0.7233779308283582
1.7766040082361716 1.066021014541444
2.3970366871383164 1.4257962524401842
3.0738723368497474 1.76843933615327
3.680204273049571 2.0254216489380843
4.173730267630823 1.9397608780098128
4.413442893570288 1.5628534859254184
4.286536209249395 0.8775673184992469
3.708405758454214 0.07235607177349515
2.7495552546963538 -0.8527802542518366
1.466387668785099 -1.6065950384206253
0.02811191314830811 -2.291881205846797
-1.3819623570838397 -2.7201850604881543
-2.495921030567237 -3.0970924525725487
-3.10225296676706 -3.285546148614746
-3.215058908385632 -3.354074765357363
-2.9048425689345594 -3.371206919543017
-2.326712118139379 -3.234149686057783
-1.7062794392372338 -2.9086387565303515
-1.1845519592513392 -2.5145992102603025
-0.7192274500747303 -2.017766738876328
-0.39491036792133627 -1.5038021133066997
-0.18339922738651407 -0.9898374877370708
-0.0987947711725852 -0.6129300956526764
-0.028291057660977805 -0.32168347449655355
-0.056492543065620765 -0.2017583951969735
-0.04239180036329928 -0.1674940868256649
-0.07059328576794224 -0.11609762426870204
-0.08469402847026372 -0.08183331589739345
-0.12699625657722816 -0.04756900752608488
-0.08469402847026372 0.03809176340218657
-0.04239180036329928 0.08948822595914944
-0.014190314958656325 0.1751489968874209
0.014011170445986633 0.1922811510730752
0.05631339855295107 0.1922811510730752
0.07041414125527255 0.24367761363003806
0.07041414125527255 0.22654545944438376
0.05631339855295107 0.22654545944438376
0.05631339855295107 0.2608097678156924
0.07041414125527255 0.2608097678156924
0.08451488395759403 0.3293383845583095
0.08451488395759403 0.3807348471152724
0.14091785476687996 0.3807348471152724
0.15501859746920144 0.46639561804354385
0.15501859746920144 0.5177920806005067
0.19732082557616587 0.5177920806005067
0.2396230536831303 0.5177920806005067
0.2537237963854518 0.5520563889718153
0.22552231098080883 0.534924234786161
0.2396230536831303 0.5691885431574696
0.19732082557616587 0.5691885431574696
0.2537237963854518 0.6377171599000867
0.26782453908777326 0.6891136224570497
0.3242275098970592 0.7062457766427039
0.33832825259938065 0.7576422391996668
0.40883196611098804 0.8433030101279382
0.4229327088133095 0.9289637810562097
0.437033451515631 0.946095935241864
0.46523493692027396 0.9803602436131725
0.4511341942179525 0.9803602436131725
0.46523493692027396 1.0317567061701354
0.46523493692027396 1.066021014541444
0.47933567962259543 1.066021014541444
0.5498393931342028 1.1516817854697154
0.5780408785388458 1.185946093841024
0.6344438493481317 1.2887390189549497
0.6908468201574176 1.357267635697567
0.7331490482643821 1.4771927149971469
0.7472497909667035 1.5457213317397642
0.789552019073668 1.5799856401110728
0.789552019073668 1.64851425685369
0.8318542471806324 1.6999107194106526
0.8600557325852753 1.717042873596307
0.9164587033945613 1.7513071819676156
0.9587609315015257 1.836967952895887
0.9869624169061687 1.9397608780098128
1.0010631596084902 2.00828949475243
1.0715668731200976 2.0768181114950472
1.1279698439293835 2.1796110366089727
1.142070586631705 2.2310074991659357
1.1984735574409908 2.2824039617228986
1.2407757855479553 2.3166682700942074
1.2689772709525982 2.3851968868368245
1.3112794990595626 2.3851968868368245
1.3253802417618843 2.4537255035794416
1.3253802417618843 2.470857657765096
1.3253802417618843 2.470857657765096
1.3535817271665271 2.5222541203220588
1.3676824698688486 2.556518428693367
1.3817832125711702 2.5736505828790217
1.409984697975813 2.642179199621639
1.4381861833804561 2.625047045435984
1.466387668785099 2.659311353807293
1.466387668785099 2.60791489125033
1.466387668785099 2.625047045435984
1.4804884114874204 2.556518428693367
1.466387668785099 2.470857657765096
1.3958839552734916 2.4023290410224787
1.3535817271665271 2.24813965335159
1.3535817271665271 2.1453467282376644
1.3253802417618843 2.0939502656807014
1.2830780136549198 2.0254216489380843
1.2125743001433122 1.9054965696385042
1.1843728147386694 1.7855714903389241
1.1279698439293835 1.717042873596307
1.085667615822419 1.5285891775541098
1.0010631596084902 1.3915319440688756
0.9023579606922398 1.237342556397987
0.761350533669025 1.066021014541444
0.7331490482643821 0.946095935241864
0.6485445920504532 0.8775673184992469
0.5498393931342028 0.7747743933853211
0.5075371650272384 0.6719814682713953
0.437033451515631 0.5691885431574696
0.39473122340866656 0.43213130967223523
0.35242899530170213 0.3122062303726552
0.26782453908777326 0.24367761363003806
0.22552231098080883 0.1580168427017666
0.1832200828738444 0.07235607177349515
0.14091785476687996 0.0038274550308779907
0.08451488395759403 -0.04756900752608488
0.04221265585062959 -0.09896547008304775
0.02811191314830811 -0.1846262410113192
-0.014190314958656325 -0.21889054938262778
-0.014190314958656325 -0.23602270356828206
-0.04239180036329928 -0.25315485775393637
-0.056492543065620765 -0.25315485775393637
-0.07059328576794224 -0.23602270356828206
-0.07059328576794224 -0.27028701193959065
-0.08469402847026372 -0.3045513203108992
-0.0987947711725852 -0.3045513203108992
-0.11289551387490668 -0.3559477828678621
-0.14109699927954963 -0.3730799370535164
-0.1692984846841926 -0.3559477828678621
-0.1551977419818711 -0.3730799370535164
-0.1692984846841926 -0.32168347449655355
-0.1692984846841926 -0.32168347449655355
-0.1692984846841926 -0.3045513203108992
-0.1692984846841926 -0.3045513203108992
-0.14109699927954963 -0.32168347449655355
-0.11289551387490668 -0.27028701193959065
-0.12699625657722816 -0.32168347449655355
-0.0987947711725852 -0.28741916612524493
-0.12699625657722816 -0.3045513203108992
-0.14109699927954963 -0.3388156286822078
-0.12699625657722816 -0.3559477828678621
-0.12699625657722816 -0.3559477828678621
-0.1551977419818711 -0.3388156286822078
-0.21160071279115703 -0.32168347449655355
-0.1692984846841926 -0.32168347449655355
-0.1692984846841926 -0.32168347449655355
-0.11289551387490668 -0.25315485775393637
-0.08469402847026372 -0.27028701193959065
-0.056492543065620765 -0.28741916612524493
-0.08469402847026372 -0.3045513203108992
-0.08469402847026372 -0.32168347449655355
-0.14109699927954963 -0.3559477828678621
-0.14109699927954963 -0.3730799370535164
-0.12699625657722816 -0.3730799370535164
-0.12699625657722816 -0.3559477828678621
-0.0987947711725852 -0.3559477828678621
-0.08469402847026372 -0.3045513203108992
-0.056492543065620765 -0.28741916612524493
-0.014190314958656325 -0.27028701193959065
-0.04239180036329928 -0.21889054938262778
-0.028291057660977805 -0.25315485775393637
-0.056492543065620765 -0.3045513203108992
-0.056492543065620765 -0.3559477828678621
-0.08469402847026372 -0.4244763996104793
-0.08469402847026372 -0.4244763996104793
-0.0987947711725852 -0.4244763996104793
-0.0987947711725852 -0.39021209123917067
-0.11289551387490668 -0.407344245424825
-0.11289551387490668 -0.407344245424825
-0.0987947711725852 -0.407344245424825
-0.0987947711725852 -0.39021209123917067
-0.08469402847026372 -0.32168347449655355
-0.0987947711725852 -0.3559477828678621
-0.0987947711725852 -0.3388156286822078
-0.11289551387490668 -0.39021209123917067
-0.11289551387490668 -0.45874070798178784
-0.14109699927954963 -0.4930050163530964
-0.1551977419818711 -0.527269324724405
-0.1551977419818711 -0.4930050163530964
-0.14109699927954963 -0.527269324724405
-0.1692984846841926 -0.4758728621674421
-0.18339922738651407 -0.4930050163530964
-0.18339922738651407 -0.4244763996104793
-0.14109699927954963 -0.44160855379613356
-0.1551977419818711 -0.4758728621674421
-0.1692984846841926 -0.45874070798178784
-0.21160071279115703 -0.5101371705387507
-0.18339922738651407 -0.5444014789100593
-0.18339922738651407 -0.5444014789100593
-0.2257014554934785 -0.5615336330957136
-0.2539029408981215 -0.5615336330957136
-0.28210442630276444 -0.5444014789100593
-0.26800368360044297 -0.5444014789100593
-0.26800368360044297 -0.5101371705387507
-0.23980219819579998 -0.4930050163530964
-0.2257014554934785 -0.527269324724405
-0.19749997008883555 -0.5957979414670221
-0.21160071279115703 -0.5786657872813679
-0.18339922738651407 -0.5444014789100593
-0.23980219819579998 -0.6129300956526764
-0.2539029408981215 -0.6300622498383307
-0.26800368360044297 -0.6471944040239851
-0.3103059117074074 -0.6643265582096394
-0.2962051690050859 -0.6643265582096394
-0.26800368360044297 -0.6129300956526764
-0.28210442630276444 -0.6129300956526764
-0.2539029408981215 -0.5786657872813679
-0.19749997008883555 -0.5786657872813679
-0.21160071279115703 -0.5957979414670221
-0.2257014554934785 -0.6129300956526764
-0.26800368360044297 -0.6471944040239851
-0.2962051690050859 -0.6129300956526764
-0.3244066544097289 -0.6471944040239851
-0.3244066544097289 -0.7157230207666022
-0.33850739711205036 -0.6985908665809479
-0.3103059117074074 -0.6643265582096394
-0.28210442630276444 -0.6129300956526764
-0.23980219819579998 -0.5786657872813679
-0.2257014554934785 -0.5957979414670221
-0.19749997008883555 -0.5444014789100593
-0.2257014554934785 -0.5786657872813679
-0.19749997008883555 -0.5615336330957136
-0.14109699927954963 -0.5444014789100593
-0.1551977419818711 -0.5615336330957136
-0.12699625657722816 -0.527269324724405
-0.08469402847026372 -0.5615336330957136
-0.07059328576794224 -0.527269324724405
-0.056492543065620765 -0.4930050163530964
-0.028291057660977805 -0.45874070798178784
-0.014190314958656325 -0.4244763996104793
-8.957225633484616e-05 -0.3559477828678621
0.014011170445986633 -0.25315485775393637
0.11271636936223699 -0.27028701193959065
0.11271636936223699 -0.28741916612524493
0.14091785476687996 -0.25315485775393637
0.12681711206455845 -0.25315485775393637
0.09861562665991551 -0.3045513203108992
0.08451488395759403 -0.3388156286822078
0.05631339855295107 -0.32168347449655355
0.04221265585062959 -0.3730799370535164
0.04221265585062959 -0.39021209123917067
0.02811191314830811 -0.3730799370535164
-0.014190314958656325 -0.407344245424825
-8.957225633484616e-05 -0.44160855379613356
-0.028291057660977805 -0.4930050163530964
-0.08469402847026372 -0.5444014789100593
-0.1551977419818711 -0.5957979414670221
-0.18339922738651407 -0.6300622498383307
-0.21160071279115703 -0.6471944040239851
-0.2539029408981215 -0.6643265582096394
-0.26800368360044297 -0.6471944040239851
-0.28210442630276444 -0.6643265582096394
-0.3103059117074074 -0.6643265582096394
-0.3244066544097289 -0.6814587123952937
-0.33850739711205036 -0.7328551749522565
-0.33850739711205036 -0.7328551749522565
-0.3244066544097289 -0.7499873291379108
-0.3667088825166933 -0.7499873291379108
-0.35260813981437183 -0.7842516375092193
-0.3808096252190148 -0.8356481000661823
-0.3667088825166933 -0.8356481000661823
-0.40901111062365775 -0.8527802542518366
-0.3808096252190148 -0.8356481000661823
-0.39491036792133627 -0.8356481000661823
-0.3808096252190148 -0.8013837916948736
-0.35260813981437183 -0.8013837916948736
-0.35260813981437183 -0.7499873291379108
-0.35260813981437183 -0.7157230207666022
-0.3244066544097289 -0.7328551749522565
-0.3244066544097289 -0.7328551749522565
-0.33850739711205036 -0.7499873291379108
-0.35260813981437183 -0.8013837916948736
-0.3808096252190148 -0.767119483323565
-0.35260813981437183 -0.7842516375092193
-0.3667088825166933 -0.767119483323565
-0.3667088825166933 -0.767119483323565
-0.35260813981437183 -0.7328551749522565
-0.3667088825166933 -0.7157230207666022
-0.3808096252190148 -0.6985908665809479
-0.3244066544097289 -0.6643265582096394
-0.3244066544097289 -0.6814587123952937
-0.28210442630276444 -0.6643265582096394
-0.26800368360044297 -0.6643265582096394
-0.26800368360044297 -0.6985908665809479
-0.2539029408981215 -0.6985908665809479
-0.2257014554934785 -0.6471944040239851
-0.21160071279115703 -0.6471944040239851
-0.1551977419818711 -0.5444014789100593
-0.08469402847026372 -0.39021209123917067
0.05631339855295107 -0.23602270356828206
0.33832825259938065 -0.04756900752608488
0.6344438493481317 0.1922811510730752
1.0715668731200976 0.44926346385788957
1.6073950958083139 0.7747743933853211
2.199626289305816 1.1688139396553698
2.820058968207961 1.5285891775541098
3.4827938752170704 1.76843933615327
4.089125811416894 1.8198357987102327
4.512148092486538 1.6142499484823813
4.709558490319039 1.0831531687270983
4.568551063295824 0.2608097678156924
4.075025068714573 -0.6985908665809479
3.2430812492776053 -1.589462884234971
2.14322331849653 -2.3261455142181053
0.8459549898829539 -2.9086387565303515
-0.564119280349194 -3.285546148614746
-1.8049846381534842 -3.5425284613995602
-2.7638351419113447 -3.7652464658130658
-3.2573611364925963 -3.885171545112646
-3.2009581656833106 -3.8509072367413375
-2.806137370018309 -3.7481143116274116
-2.1998054338184856 -3.4911319988425973
-1.537070526809376 -3.0970924525725487
-0.916637847907231 -2.5831278270029197
-0.47951482413526514 -2.052031047247637
-0.12699625657722816 -1.4866699591210453
0.04221265585062959 -1.058366104479688
0.12681711206455845 -0.6643265582096394
0.09861562665991551 -0.407344245424825
0.05631339855295107 -0.25315485775393637
0.014011170445986633 -0.1674940868256649
-0.014190314958656325 -0.11609762426870204
-0.014190314958656325 -0.11609762426870204
-8.957225633484616e-05 -0.04756900752608488
0.02811191314830811 0.020959609216532282
0.08451488395759403 0.055223917587840864
0.11271636936223699 0.12375253433045802
0.12681711206455845 0.20941330525872948
0.1691193401715229 0.1751489968874209
0.1691193401715229 0.22654545944438376
0.14091785476687996 0.22654545944438376
0.1691193401715229 0.1922811510730752
0.15501859746920144 0.1408846885161123
0.14091785476687996 0.20941330525872948
0.1691193401715229 0.22654545944438376
0.1691193401715229 0.27794192200134665
0.19732082557616587 0.3464705387439638
0.2396230536831303 0.3807348471152724
0.19732082557616587 0.43213130967223523
0.26782453908777326 0.5006599264148525
0.26782453908777326 0.5177920806005067
0.28192528179009474 0.5006599264148525
0.35242899530170213 0.534924234786161
0.35242899530170213 0.534924234786161
0.40883196611098804 0.5520563889718153
0.3806304807063451 0.5520563889718153
0.3665297380040236 0.6377171599000867
0.3242275098970592 0.6891136224570497
0.3806304807063451 0.8090387017566296
0.4229327088133095 0.8433030101279382
0.46523493692027396 0.8946994726849011
0.4934364223249169 0.946095935241864
0.5357386504318814 0.9632280894275183
0.5780408785388458 0.9974923977988268
0.5639401358365244 1.0317567061701354
0.5921416212411673 1.0317567061701354
0.5921416212411673 1.1002853229127525
0.6062423639434887 1.1174174770984069
0.5780408785388458 1.185946093841024
0.6203431066458103 1.2544747105836411
0.6626453347527747 1.3915319440688756
0.7190483055620606 1.4771927149971469
0.7754512763713465 1.5628534859254184
0.817753504478311 1.6142499484823813
0.8600557325852753 1.64851425685369
0.9164587033945613 1.6827785652249985
0.9164587033945613 1.717042873596307
0.9023579606922398 1.76843933615327
0.9587609315015257 1.836967952895887
0.9869624169061687 1.8883644154528498
1.029264645013133 2.00828949475243
1.0715668731200976 2.0939502656807014
1.142070586631705 2.1967431907946273
1.1984735574409908 2.299536115908553
1.226675042845634 2.36806473265117
1.2971787563572412 2.470857657765096
1.2830780136549198 2.5051219661364046
1.3112794990595626 2.539386274507713
1.3253802417618843 2.5736505828790217
1.3535817271665271 2.5736505828790217
1.3535817271665271 2.5736505828790217
1.3535817271665271 2.5736505828790217
1.409984697975813 2.625047045435984
1.409984697975813 2.659311353807293
1.409984697975813 2.693575662178602
1.4240854406781345 2.72783997054991
1.4240854406781345 2.710707816364256
1.4381861833804561 2.676443507992947
1.409984697975813 2.590782737064676
1.4381861833804561 2.5222541203220588
1.4240854406781345 2.436593349393787
1.409984697975813 2.3509325784655157
1.3817832125711702 2.2652718075372444
1.3253802417618843 2.1967431907946273
1.2830780136549198 2.1110824198663556
1.226675042845634 2.0254216489380843
1.170272072036348 1.9054965696385042
1.1561713293340263 1.8198357987102327
1.085667615822419 1.6827785652249985
1.0574661304177762 1.4943248691828013
1.029264645013133 1.357267635697567
0.9446601887992042 1.185946093841024
0.8036527617759894 1.0488888603557898
0.6908468201574176 0.8946994726849011
0.6344438493481317 0.7747743933853211
0.5498393931342028 0.6719814682713953
0.47933567962259543 0.5177920806005067
0.39473122340866656 0.44926346385788957
0.3242275098970592 0.3636026929296181
0.2960260244924162 0.2608097678156924
0.2960260244924162 0.1408846885161123
0.28192528179009474 0.10662038014480374
0.22552231098080883 0.03809176340218657
0.1832200828738444 -0.03043685334043059
0.11271636936223699 -0.08183331589739345
0.04221265585062959 -0.1846262410113192
0.014011170445986633 -0.21889054938262778
-0.056492543065620765 -0.28741916612524493
-0.07059328576794224 -0.32168347449655355
-0.12699625657722816 -0.3559477828678621
-0.08469402847026372 -0.3559477828678621
-0.07059328576794224 -0.3045513203108992
-0.07059328576794224 -0.3559477828678621
-0.056492543065620765 -0.3559477828678621
-0.07059328576794224 -0.3730799370535164
-0.11289551387490668 -0.3559477828678621
-0.0987947711725852 -0.3730799370535164
-0.11289551387490668 -0.4758728621674421
-0.0987947711725852 -0.4758728621674421
-0.12699625657722816 -0.5101371705387507
-0.12699625657722816 -0.4758728621674421
-0.18339922738651407 -0.4930050163530964
-0.18339922738651407 -0.4758728621674421
-0.1692984846841926 -0.4244763996104793
-0.1692984846841926 -0.39021209123917067
-0.1551977419818711 -0.407344245424825
-0.11289551387490668 -0.3730799370535164
-0.08469402847026372 -0.3559477828678621
-0.0987947711725852 -0.44160855379613356
-0.0987947711725852 -0.4244763996104793
-0.08469402847026372 -0.44160855379613356
-0.11289551387490668 -0.4758728621674421
-0.1551977419818711 -0.44160855379613356
-0.1692984846841926 -0.44160855379613356
-0.14109699927954963 -0.407344245424825
-0.0987947711725852 -0.32168347449655355
-0.0987947711725852 -0.28741916612524493
-0.04239180036329928 -0.27028701193959065
-0.028291057660977805 -0.32168347449655355
-0.014190314958656325 -0.27028701193959065
-0.04239180036329928 -0.3559477828678621
-0.04239180036329928 -0.407344245424825
-0.056492543065620765 -0.407344245424825
-0.08469402847026372 -0.45874070798178784
-0.0987947711725852 -0.4244763996104793
-0.0987947711725852 -0.3730799370535164
-0.07059328576794224 -0.3559477828678621
-0.056492543065620765 -0.32168347449655355
-0.028291057660977805 -0.3045513203108992
-0.014190314958656325 -0.28741916612524493
-0.014190314958656325 -0.3045513203108992
-8.957225633484616e-05 -0.3045513203108992
-0.04239180036329928 -0.3559477828678621
-0.08469402847026372 -0.407344245424825
-0.08469402847026372 -0.4244763996104793
-0.0987947711725852 -0.4758728621674421
-0.08469402847026372 -0.5101371705387507
-0.08469402847026372 -0.4930050163530964
-0.04239180036329928 -0.4930050163530964
-0.028291057660977805 -0.4758728621674421
-0.08469402847026372 -0.4244763996104793
-0.04239180036329928 -0.407344245424825
-0.04239180036329928 -0.4758728621674421
-0.04239180036329928 -0.45874070798178784
-0.04239180036329928 -0.4930050163530964
-0.08469402847026372 -0.5101371705387507
-0.0987947711725852 -0.5786657872813679
-0.12699625657722816 -0.6129300956526764
-0.08469402847026372 -0.6129300956526764
-0.0987947711725852 -0.6129300956526764
-0.11289551387490668 -0.5786657872813679
-0.14109699927954963 -0.5615336330957136
-0.12699625657722816 -0.527269324724405
-0.1551977419818711 -0.5101371705387507
-0.1551977419818711 -0.527269324724405
-0.12699625657722816 -0.527269324724405
-0.12699625657722816 -0.5444014789100593
-0.1551977419818711 -0.5957979414670221
-0.18339922738651407 -0.6129300956526764
-0.21160071279115703 -0.7157230207666022
-0.23980219819579998 -0.6814587123952937
-0.23980219819579998 -0.6985908665809479
-0.21160071279115703 -0.6300622498383307
-0.18339922738651407 -0.6300622498383307
-0.19749997008883555 -0.5786657872813679
-0.1551977419818711 -0.5615336330957136
-0.1551977419818711 -0.5786657872813679
-0.14109699927954963 -0.6129300956526764
-0.14109699927954963 -0.6471944040239851
-0.18339922738651407 -0.6985908665809479
-0.2257014554934785 -0.7328551749522565
-0.2257014554934785 -0.8013837916948736
-0.2257014554934785 -0.7499873291379108
-0.26800368360044297 -0.7499873291379108
-0.23980219819579998 -0.7157230207666022
-0.1692984846841926 -0.6985908665809479
-0.18339922738651407 -0.6643265582096394
-0.1692984846841926 -0.6129300956526764
-0.1551977419818711 -0.5957979414670221
-0.18339922738651407 -0.6643265582096394
-0.19749997008883555 -0.6814587123952937
-0.2257014554934785 -0.6985908665809479
-0.2257014554934785 -0.7328551749522565
-0.23980219819579998 -0.8013837916948736
-0.2257014554934785 -0.8013837916948736
-0.2257014554934785 -0.7842516375092193
-0.21160071279115703 -0.767119483323565
-0.18339922738651407 -0.7157230207666022
-0.18339922738651407 -0.7157230207666022
-0.1692984846841926 -0.6814587123952937
-0.18339922738651407 -0.6643265582096394
-0.1692984846841926 -0.6300622498383307
-0.1692984846841926 -0.6814587123952937
-0.14109699927954963 -0.6471944040239851
-0.0987947711725852 -0.6814587123952937
-0.12699625657722816 -0.6471944040239851
-0.08469402847026372 -0.6300622498383307
-0.04239180036329928 -0.5444014789100593
-0.07059328576794224 -0.4930050163530964
-8.957225633484616e-05 -0.4930050163530964
0.014011170445986633 -0.45874070798178784
0.09861562665991551 -0.407344245424825
0.08451488395759403 -0.3730799370535164
0.1832200828738444 -0.39021209123917067
0.21142156827848735 -0.3045513203108992
0.21142156827848735 -0.3388156286822078
0.1691193401715229 -0.32168347449655355
0.14091785476687996 -0.3559477828678621
0.12681711206455845 -0.3388156286822078
0.08451488395759403 -0.32168347449655355
0.07041414125527255 -0.32168347449655355
0.08451488395759403 -0.28741916612524493
0.11271636936223699 -0.28741916612524493
0.08451488395759403 -0.32168347449655355
0.07041414125527255 -0.4244763996104793
0.04221265585062959 -0.5101371705387507
-0.014190314958656325 -0.5444014789100593
-0.07059328576794224 -0.6643265582096394
-0.0987947711725852 -0.6300622498383307
-0.1551977419818711 -0.6814587123952937
-0.1692984846841926 -0.6814587123952937
-0.18339922738651407 -0.6643265582096394
-0.1551977419818711 -0.6300622498383307
-0.1692984846841926 -0.5957979414670221
-0.18339922738651407 -0.6300622498383307
-0.19749997008883555 -0.6471944040239851
-0.28210442630276444 -0.6643265582096394
-0.3244066544097289 -0.6985908665809479
-0.33850739711205036 -0.7499873291379108
-0.35260813981437183 -0.767119483323565
-0.33850739711205036 -0.8013837916948736
-0.3667088825166933 -0.767119483323565
-0.33850739711205036 -0.767119483323565
-0.33850739711205036 -0.7842516375092193
-0.33850739711205036 -0.7157230207666022
-0.3103059117074074 -0.7157230207666022
-0.35260813981437183 -0.6985908665809479
-0.3244066544097289 -0.6471944040239851
-0.3244066544097289 -0.6985908665809479
-0.3103059117074074 -0.7328551749522565
-0.3103059117074074 -0.6814587123952937
-0.2962051690050859 -0.7157230207666022
-0.3103059117074074 -0.7328551749522565
-0.3244066544097289 -0.7842516375092193
-0.33850739711205036 -0.7842516375092193
-0.33850739711205036 -0.8013837916948736
-0.3244066544097289 -0.7499873291379108
-0.3244066544097289 -0.7328551749522565
-0.2962051690050859 -0.6985908665809479
-0.2539029408981215 -0.6643265582096394
-0.26800368360044297 -0.6471944040239851
-0.2257014554934785 -0.6643265582096394
-0.21160071279115703 -0.6300622498383307
-0.19749997008883555 -0.6643265582096394
-0.21160071279115703 -0.6471944040239851
-0.19749997008883555 -0.6985908665809479
-0.18339922738651407 -0.6300622498383307
-0.14109699927954963 -0.5615336330957136
-0.11289551387490668 -0.4930050163530964
-0.056492543065620765 -0.3730799370535164
0.07041414125527255 -0.1846262410113192
0.35242899530170213 0.0038274550308779907
0.6767460774550962 0.27794192200134665
1.1279698439293835 0.5863206973431239
1.6073950958083139 0.8946994726849011
2.2419285174127803 1.237342556397987
2.90466342442189 1.5628534859254184
3.525096103324035 1.7341750277819614
4.075025068714573 1.6999107194106526
4.441644378974931 1.2887390189549497
4.512148092486538 0.5006599264148525
4.258334723844752 -0.45874070798178784
3.5955998168356422 -1.4866699591210453
2.707253026589389 -2.3946741309607225
1.5791936104036708 -3.114224606758203
0.3242275098970592 -3.6110570781421774
-0.9871415614188384 -3.9194358534839546
-2.0869994921999138 -4.0736252411548435
-2.777935884613666 -4.107889549526152
-2.9894470251484884 -4.005096624412226
-2.7638351419113447 -3.833775082555683
-2.24210766192545 -3.5253963072139056
-1.537070526809376 -3.1484889151295112
-0.9307385906095524 -2.651656443745537
-0.46541408143294366 -2.1034275098046
-0.12699625657722816 -1.5038021133066997
0.11271636936223699 -1.0069696419227252
0.1832200828738444 -0.6471944040239851
0.1832200828738444 -0.407344245424825
0.15501859746920144 -0.27028701193959065
0.09861562665991551 -0.23602270356828206
0.07041414125527255 -0.1846262410113192
0.04221265585062959 -0.1674940868256649
0.07041414125527255 -0.08183331589739345
0.07041414125527255 -0.03043685334043059
0.08451488395759403 0.055223917587840864
0.14091785476687996 0.1408846885161123
0.15501859746920144 0.20941330525872948
0.19732082557616587 0.22654545944438376
0.2537237963854518 0.27794192200134665
0.2537237963854518 0.2608097678156924
0.2396230536831303 0.27794192200134665
0.2396230536831303 0.29507407618700093
0.2396230536831303 0.29507407618700093
0.2396230536831303 0.3122062303726552
0.21142156827848735 0.3464705387439638
0.2537237963854518 0.39786700130092667
0.28192528179009474 0.44926346385788957
0.2537237963854518 0.5177920806005067
0.3242275098970592 0.5520563889718153
0.3665297380040236 0.5006599264148525
0.39473122340866656 0.5691885431574696
0.40883196611098804 0.6034528515287781
0.39473122340866656 0.6034528515287781
0.39473122340866656 0.6034528515287781
0.3806304807063451 0.654849314085741
0.3806304807063451 0.6719814682713953
0.3806304807063451 0.7062457766427039
0.437033451515631 0.7747743933853211
0.47933567962259543 0.8433030101279382
0.47933567962259543 0.8775673184992469
0.5216379077295599 0.946095935241864
0.5639401358365244 0.9803602436131725
0.6062423639434887 1.0317567061701354
0.6062423639434887 1.0831531687270983
0.6344438493481317 1.1516817854697154
0.6485445920504532 1.134549631284061
0.6485445920504532 1.1516817854697154
0.7049475628597391 1.2030782480266784
0.7190483055620606 1.3401354815119126
0.761350533669025 1.3915319440688756
0.8036527617759894 1.4429284066258383
0.8459549898829539 1.5457213317397642
0.8600557325852753 1.6142499484823813
0.9587609315015257 1.6999107194106526
0.9728616742038472 1.7341750277819614
1.0010631596084902 1.8027036445245785
1.0574661304177762 1.8712322612671957
1.0715668731200976 1.9568930321954672
1.0997683585247404 2.0254216489380843
1.142070586631705 2.0939502656807014
1.170272072036348 2.1624788824233185
1.2125743001433122 2.2138753449802815
1.2407757855479553 2.2824039617228986
1.2830780136549198 2.3166682700942074
1.3676824698688486 2.4023290410224787
1.409984697975813 2.4537255035794416
1.4522869260827775 2.5222541203220588
1.4804884114874204 2.556518428693367
1.5227906395943849 2.556518428693367
1.5368913822967063 2.590782737064676
1.494589154189742 2.60791489125033
1.5227906395943849 2.625047045435984
1.5227906395943849 2.625047045435984
1.5368913822967063 2.625047045435984
1.550992124999028 2.676443507992947
1.5791936104036708 2.710707816364256
1.6073950958083139 2.676443507992947
1.6073950958083139 2.676443507992947
1.6073950958083139 2.659311353807293
1.5932943531059922 2.590782737064676
1.550992124999028 2.48798981195075
1.5227906395943849 2.4023290410224787
1.4522869260827775 2.2824039617228986
1.4522869260827775 2.1967431907946273
1.3958839552734916 2.0939502656807014
1.3253802417618843 1.9911573405667757
1.3253802417618843 1.8712322612671957
1.2830780136549198 1.7513071819676156
1.2407757855479553 1.6142499484823813
1.1984735574409908 1.4429284066258383
1.085667615822419 1.3230033273262582
1.0010631596084902 1.1688139396553698
0.9164587033945613 0.9803602436131725
0.8036527617759894 0.8604351643135925
0.7049475628597391 0.7062457766427039
0.6203431066458103 0.5863206973431239
0.5921416212411673 0.4835277722291981
0.5216379077295599 0.41499915548658095
0.4934364223249169 0.3293383845583095
0.40883196611098804 0.29507407618700093
0.3806304807063451 0.20941330525872948
0.2960260244924162 0.12375253433045802
0.28192528179009474 0.055223917587840864
0.2396230536831303 -0.03043685334043059
0.15501859746920144 -0.13322977845435632
0.14091785476687996 -0.1846262410113192
0.07041414125527255 -0.27028701193959065
0.02811191314830811 -0.3045513203108992
-8.957225633484616e-05 -0.32168347449655355
0.014011170445986633 -0.3388156286822078
-8.957225633484616e-05 -0.3559477828678621
-0.028291057660977805 -0.3388156286822078
-0.014190314958656325 -0.3388156286822078
-0.014190314958656325 -0.39021209123917067
-8.957225633484616e-05 -0.39021209123917067
-0.014190314958656325 -0.407344245424825
-0.028291057660977805 -0.45874070798178784
-0.056492543065620765 -0.4758728621674421
-0.08469402847026372 -0.4930050163530964
-0.08469402847026372 -0.527269324724405
-0.11289551387490668 -0.4930050163530964
-0.14109699927954963 -0.4758728621674421
-0.0987947711725852 -0.44160855379613356
-0.0987947711725852 -0.44160855379613356
-0.0987947711725852 -0.407344245424825
-0.028291057660977805 -0.44160855379613356
-0.056492543065620765 -0.4244763996104793
-0.056492543065620765 -0.4244763996104793
-0.056492543065620765 -0.4244763996104793
-0.08469402847026372 -0.44160855379613356
-0.11289551387490668 -0.44160855379613356
-0.11289551387490668 -0.4758728621674421
-0.12699625657722816 -0.4758728621674421
-0.11289551387490668 -0.407344245424825
-0.07059328576794224 -0.39021209123917067
-0.028291057660977805 -0.3730799370535164
-8.957225633484616e-05 -0.3045513203108992
-0.014190314958656325 -0.32168347449655355
-8.957225633484616e-05 -0.3388156286822078
-8.957225633484616e-05 -0.3730799370535164
-0.07059328576794224 -0.3730799370535164
-0.056492543065620765 -0.4244763996104793
-0.056492543065620765 -0.44160855379613356
-0.07059328576794224 -0.407344245424825
-0.056492543065620765 -0.39021209123917067
-0.014190314958656325 -0.3730799370535164
-0.028291057660977805 -0.39021209123917067
0.02811191314830811 -0.3388156286822078
0.02811191314830811 -0.3388156286822078
0.04221265585062959 -0.3730799370535164
0.014011170445986633 -0.39021209123917067
-0.014190314958656325 -0.3730799370535164
0.014011170445986633 -0.407344245424825
0.014011170445986633 -0.407344245424825
-0.014190314958656325 -0.4244763996104793
-0.014190314958656325 -0.45874070798178784
-0.028291057660977805 -0.407344245424825
-0.028291057660977805 -0.45874070798178784
-0.028291057660977805 -0.44160855379613356
-0.056492543065620765 -0.44160855379613356
-0.056492543065620765 -0.45874070798178784
-0.014190314958656325 -0.44160855379613356
-0.056492543065620765 -0.45874070798178784
-0.07059328576794224 -0.4758728621674421
-0.04239180036329928 -0.4930050163530964
-0.08469402847026372 -0.5615336330957136
-0.11289551387490668 -0.5444014789100593
-0.11289551387490668 -0.5444014789100593
-0.18339922738651407 -0.5786657872813679
-0.19749997008883555 -0.6129300956526764
-0.18339922738651407 -0.5444014789100593
-0.1692984846841926 -0.527269324724405
-0.1551977419818711 -0.5101371705387507
-0.11289551387490668 -0.5786657872813679
-0.0987947711725852 -0.5615336330957136
-0.14109699927954963 -0.5615336330957136
-0.12699625657722816 -0.6471944040239851
-0.1551977419818711 -0.6129300956526764
-0.19749997008883555 -0.6814587123952937
-0.21160071279115703 -0.6814587123952937
-0.2257014554934785 -0.6643265582096394
-0.23980219819579998 -0.6471944040239851
-0.19749997008883555 -0.5957979414670221
-0.1692984846841926 -0.6129300956526764
-0.1692984846841926 -0.5957979414670221
-0.1551977419818711 -0.5957979414670221
-0.18339922738651407 -0.6129300956526764
-0.18339922738651407 -0.5957979414670221
-0.26800368360044297 -0.6129300956526764
-0.23980219819579998 -0.6300622498383307
-0.26800368360044297 -0.6814587123952937
-0.2962051690050859 -0.6814587123952937
-0.26800368360044297 -0.6814587123952937
-0.26800368360044297 -0.7157230207666022
-0.26800368360044297 -0.6814587123952937
-0.2257014554934785 -0.6814587123952937
-0.21160071279115703 -0.6985908665809479
-0.21160071279115703 -0.6643265582096394
-0.23980219819579998 -0.7328551749522565
-0.23980219819579998 -0.6985908665809479
-0.21160071279115703 -0.7328551749522565
-0.2539029408981215 -0.7499873291379108
-0.26800368360044297 -0.767119483323565
-0.2539029408981215 -0.7499873291379108
-0.2539029408981215 -0.7499873291379108
-0.26800368360044297 -0.7157230207666022
-0.28210442630276444 -0.6814587123952937
-0.2257014554934785 -0.6471944040239851
-0.2257014554934785 -0.6300622498383307
-0.2539029408981215 -0.6643265582096394
-0.21160071279115703 -0.6814587123952937
-0.21160071279115703 -0.6814587123952937
-0.2257014554934785 -0.6985908665809479
-0.2257014554934785 -0.7499873291379108
-0.26800368360044297 -0.7842516375092193
-0.2539029408981215 -0.7328551749522565
-0.3103059117074074 -0.6985908665809479
-0.2539029408981215 -0.7157230207666022
-0.19749997008883555 -0.6814587123952937
-0.1551977419818711 -0.6129300956526764
-0.07059328576794224 -0.5957979414670221
-0.04239180036329928 -0.5615336330957136
-8.957225633484616e-05 -0.5444014789100593
-8.957225633484616e-05 -0.5444014789100593
0.014011170445986633 -0.5615336330957136
0.02811191314830811 -0.5444014789100593
-8.957225633484616e-05 -0.4930050163530964
0.02811191314830811 -0.5101371705387507
0.04221265585062959 -0.4244763996104793
0.09861562665991551 -0.39021209123917067
0.12681711206455845 -0.32168347449655355
0.09861562665991551 -0.28741916612524493
0.11271636936223699 -0.27028701193959065
0.12681711206455845 -0.27028701193959065
0.09861562665991551 -0.23602270356828206
0.07041414125527255 -0.27028701193959065
0.07041414125527255 -0.32168347449655355
0.02811191314830811 -0.3730799370535164
0.014011170445986633 -0.44160855379613356
-0.014190314958656325 -0.527269324724405
-0.07059328576794224 -0.5957979414670221
-0.11289551387490668 -0.6129300956526764
-0.14109699927954963 -0.5444014789100593
-0.19749997008883555 -0.527269324724405
-0.21160071279115703 -0.527269324724405
-0.2257014554934785 -0.4758728621674421
-0.2257014554934785 -0.527269324724405
-0.2257014554934785 -0.5615336330957136
-0.28210442630276444 -0.6300622498383307
-0.33850739711205036 -0.6985908665809479
-0.3808096252190148 -0.7328551749522565
-0.4231118533259792 -0.767119483323565
-0.4231118533259792 -0.7499873291379108
-0.4231118533259792 -0.6985908665809479
-0.40901111062365775 -0.7157230207666022
-0.3667088825166933 -0.7328551749522565
-0.33850739711205036 -0.7328551749522565
-0.33850739711205036 -0.6814587123952937
-0.3103059117074074 -0.7499873291379108
-0.35260813981437183 -0.7842516375092193
-0.3244066544097289 -0.8185159458805279
-0.3667088825166933 -0.7842516375092193
-0.39491036792133627 -0.8185159458805279
-0.40901111062365775 -0.8013837916948736
-0.4513133387306222 -0.8013837916948736
-0.40901111062365775 -0.7842516375092193
-0.39491036792133627 -0.7499873291379108
-0.33850739711205036 -0.7157230207666022
-0.3103059117074074 -0.6985908665809479
-0.3103059117074074 -0.6814587123952937
-0.2962051690050859 -0.6814587123952937
-0.3103059117074074 -0.7157230207666022
-0.33850739711205036 -0.7328551749522565
-0.35260813981437183 -0.7157230207666022
-0.3667088825166933 -0.7328551749522565
-0.33850739711205036 -0.7499873291379108
-0.3244066544097289 -0.6985908665809479
-0.28210442630276444 -0.6300622498383307
-0.2257014554934785 -0.6129300956526764
-0.2257014554934785 -0.6129300956526764
-0.19749997008883555 -0.5615336330957136
-0.1551977419818711 -0.4930050163530964
-0.12699625657722816 -0.5101371705387507
-0.04239180036329928 -0.407344245424825
0.05631339855295107 -0.28741916612524493
0.2537237963854518 -0.11609762426870204
0.5639401358365244 0.10662038014480374
0.9587609315015257 0.3636026929296181
1.4522869260827775 0.7062457766427039
2.058618862282601 1.066021014541444
2.7777567401009966 1.4771927149971469
3.468693132514749 1.7855714903389241
4.117327296821537 1.9226287238241586
4.540349577891181 1.6827785652249985
4.709558490319039 1.134549631284061
4.483946607081895 0.27794192200134665
3.8917154135843934 -0.7499873291379108
2.9187641671242113 -1.7436522719058596
1.6637980666175998 -2.4974670560746484
0.28192528179009474 -3.0970924525725487
-1.1140482457397316 -3.42260338209998
-2.383115088948665 -3.6281892323278315
-3.186857422980989 -3.7309821574417574
-3.412469306218133 -3.7652464658130658
-3.186857422980989 -3.6453213865134857
-2.5241225159718796 -3.4911319988425973
-1.8049846381534842 -3.199885377686474
-1.1140482457397316 -2.7201850604881543
-0.5500185376468725 -2.257616897475488
-0.19749997008883555 -1.6751236551632425
0.02811191314830811 -1.178291183779268
0.08451488395759403 -0.7328551749522565
0.05631339855295107 -0.407344245424825
-0.028291057660977805 -0.23602270356828206
-8.957225633484616e-05 -0.09896547008304775
-0.04239180036329928 -0.06470116171173917
-8.957225633484616e-05 -0.013304699154776299
-0.014190314958656325 0.0038274550308779907
0.014011170445986633 0.020959609216532282
0.07041414125527255 0.08948822595914944
0.05631339855295107 0.10662038014480374
0.05631339855295107 0.12375253433045802
0.07041414125527255 0.1751489968874209
0.02811191314830811 0.1751489968874209
0.07041414125527255 0.1922811510730752
0.05631339855295107 0.24367761363003806
0.11271636936223699 0.27794192200134665
0.11271636936223699 0.29507407618700093
0.1691193401715229 0.3636026929296181
0.1832200828738444 0.3464705387439638
0.21142156827848735 0.3807348471152724
0.21142156827848735 0.41499915548658095
0.2396230536831303 0.44926346385788957
0.2537237963854518 0.41499915548658095
0.22552231098080883 0.43213130967223523
0.21142156827848735 0.44926346385788957
0.2537237963854518 0.534924234786161
0.2537237963854518 0.5691885431574696
0.28192528179009474 0.6719814682713953
0.3101267671947377 0.7062457766427039
0.3101267671947377 0.7919065475709753
0.35242899530170213 0.8090387017566296
0.3806304807063451 0.8090387017566296
0.4511341942179525 0.8433030101279382
0.46523493692027396 0.8604351643135925
0.46523493692027396 0.8261708559422839
0.4511341942179525 0.9118316268705554
0.4511341942179525 0.9632280894275183
0.437033451515631 1.0317567061701354
0.437033451515631 1.1002853229127525
0.5075371650272384 1.2202104022123326
0.5498393931342028 1.2716068647692955
0.5921416212411673 1.357267635697567
0.6626453347527747 1.4257962524401842
0.7331490482643821 1.4771927149971469
0.761350533669025 1.5114570233684554
0.817753504478311 1.5799856401110728
0.817753504478311 1.6313821026680355
0.817753504478311 1.6999107194106526
0.8741564752875969 1.7513071819676156
0.8882572179899183 1.9054965696385042
0.9587609315015257 1.9568930321954672
1.0433653877154545 2.0596859573093926
1.085667615822419 2.1624788824233185
1.142070586631705 2.2310074991659357
1.1984735574409908 2.299536115908553
1.226675042845634 2.3509325784655157
1.2407757855479553 2.4023290410224787
1.2548765282502767 2.436593349393787
1.2548765282502767 2.470857657765096
1.2689772709525982 2.539386274507713
1.2830780136549198 2.5051219661364046
1.3112794990595626 2.590782737064676
1.2971787563572412 2.625047045435984
1.3535817271665271 2.642179199621639
1.3394809844642057 2.590782737064676
1.3535817271665271 2.676443507992947
1.3817832125711702 2.693575662178602
1.3958839552734916 2.60791489125033
1.4240854406781345 2.60791489125033
1.409984697975813 2.590782737064676
1.3958839552734916 2.556518428693367
1.3817832125711702 2.48798981195075
1.3676824698688486 2.436593349393787
1.3112794990595626 2.3338004242798616
1.3253802417618843 2.3166682700942074
1.2548765282502767 2.1796110366089727
1.2125743001433122 2.1110824198663556
1.1843728147386694 2.0425538031237385
1.1984735574409908 1.8883644154528498
1.142070586631705 1.7513071819676156
1.0715668731200976 1.6827785652249985
1.0151639023108117 1.4771927149971469
0.8882572179899183 1.3401354815119126
0.817753504478311 1.1516817854697154
0.7190483055620606 0.9974923977988268
0.6203431066458103 0.9118316268705554
0.5780408785388458 0.7919065475709753
0.4934364223249169 0.6891136224570497
0.4511341942179525 0.6034528515287781
0.4511341942179525 0.5520563889718153
0.3806304807063451 0.4835277722291981
0.35242899530170213 0.41499915548658095
0.2537237963854518 0.3293383845583095
0.1832200828738444 0.20941330525872948
0.11271636936223699 0.08948822595914944
0.05631339855295107 -0.03043685334043059
0.02811191314830811 -0.11609762426870204
0.014011170445986633 -0.09896547008304775
-0.014190314958656325 -0.13322977845435632
-0.04239180036329928 -0.1846262410113192
-0.028291057660977805 -0.15036193264001063
-0.04239180036329928 -0.21889054938262778
-0.028291057660977805 -0.23602270356828206
-0.08469402847026372 -0.27028701193959065
-0.0987947711725852 -0.3045513203108992
-0.14109699927954963 -0.3388156286822078
-0.1692984846841926 -0.32168347449655355
-0.1551977419818711 -0.3559477828678621
-0.1551977419818711 -0.3559477828678621
-0.1692984846841926 -0.32168347449655355
-0.1551977419818711 -0.32168347449655355
-0.14109699927954963 -0.28741916612524493
-0.1551977419818711 -0.3388156286822078
-0.1551977419818711 -0.3045513203108992
-0.1551977419818711 -0.3045513203108992
-0.14109699927954963 -0.32168347449655355
-0.1692984846841926 -0.25315485775393637
-0.1551977419818711 -0.3045513203108992
-0.14109699927954963 -0.3559477828678621
-0.1551977419818711 -0.32168347449655355
-0.14109699927954963 -0.32168347449655355
-0.1551977419818711 -0.3045513203108992
-0.12699625657722816 -0.3045513203108992
-0.12699625657722816 -0.28741916612524493
-0.08469402847026372 -0.25315485775393637
-0.08469402847026372 -0.23602270356828206
-0.028291057660977805 -0.2017583951969735
-0.028291057660977805 -0.25315485775393637
-0.056492543065620765 -0.21889054938262778
-0.04239180036329928 -0.21889054938262778
-0.08469402847026372 -0.23602270356828206
-0.07059328576794224 -0.25315485775393637
-0.07059328576794224 -0.25315485775393637
-0.11289551387490668 -0.23602270356828206
-0.11289551387490668 -0.23602270356828206
-0.08469402847026372 -0.23602270356828206
-0.08469402847026372 -0.21889054938262778
-0.04239180036329928 -0.1846262410113192
-0.014190314958656325 -0.21889054938262778
-0.028291057660977805 -0.25315485775393637
-8.957225633484616e-05 -0.23602270356828206
-0.04239180036329928 -0.23602270356828206
-0.0987947711725852 -0.28741916612524493
-0.0987947711725852 -0.27028701193959065
-0.11289551387490668 -0.32168347449655355
-0.0987947711725852 -0.3045513203108992
-0.07059328576794224 -0.27028701193959065
-0.04239180036329928 -0.27028701193959065
-0.014190314958656325 -0.3045513203108992
-0.014190314958656325 -0.28741916612524493
-0.04239180036329928 -0.27028701193959065
-8.957225633484616e-05 -0.28741916612524493
-8.957225633484616e-05 -0.32168347449655355
-0.07059328576794224 -0.3559477828678621
-0.0987947711725852 -0.3730799370535164
-0.11289551387490668 -0.39021209123917067
-0.14109699927954963 -0.4244763996104793
-0.14109699927954963 -0.407344245424825
-0.1551977419818711 -0.39021209123917067
-0.14109699927954963 -0.3730799370535164
-0.1551977419818711 -0.407344245424825
-0.1551977419818711 -0.39021209123917067
-0.1551977419818711 -0.4244763996104793
-0.1692984846841926 -0.44160855379613356
-0.14109699927954963 -0.4244763996104793
-0.19749997008883555 -0.44160855379613356
-0.1692984846841926 -0.4758728621674421
-0.18339922738651407 -0.5101371705387507
-0.21160071279115703 -0.5444014789100593
-0.26800368360044297 -0.5615336330957136
-0.23980219819579998 -0.5615336330957136
-0.23980219819579998 -0.5444014789100593
-0.23980219819579998 -0.4930050163530964
-0.28210442630276444 -0.4758728621674421
-0.2539029408981215 -0.44160855379613356
-0.21160071279115703 -0.4758728621674421
-0.19749997008883555 -0.527269324724405
-0.21160071279115703 -0.5101371705387507
-0.21160071279115703 -0.527269324724405
-0.23980219819579998 -0.5444014789100593
-0.2257014554934785 -0.5615336330957136
-0.3103059117074074 -0.5786657872813679
-0.3244066544097289 -0.5615336330957136
-0.2962051690050859 -0.5101371705387507
-0.26800368360044297 -0.4930050163530964
-0.23980219819579998 -0.4930050163530964
-0.21160071279115703 -0.4930050163530964
-0.2257014554934785 -0.4930050163530964
-0.21160071279115703 -0.5615336330957136
-0.23980219819579998 -0.5444014789100593
-0.28210442630276444 -0.6300622498383307
-0.3244066544097289 -0.6471944040239851
-0.3103059117074074 -0.6300622498383307
-0.3244066544097289 -0.5957979414670221
-0.2962051690050859 -0.6129300956526764
-0.3103059117074074 -0.6129300956526764
-0.28210442630276444 -0.6129300956526764
-0.26800368360044297 -0.5615336330957136
-0.26800368360044297 -0.5786657872813679
-0.26800368360044297 -0.5615336330957136
-0.2539029408981215 -0.5786657872813679
-0.28210442630276444 -0.5957979414670221
-0.2962051690050859 -0.6643265582096394
-0.28210442630276444 -0.6471944040239851
-0.2962051690050859 -0.6643265582096394
-0.3103059117074074 -0.6985908665809479
-0.2962051690050859 -0.6300622498383307
-0.2962051690050859 -0.5957979414670221
-0.3244066544097289 -0.5615336330957136
-0.2962051690050859 -0.5444014789100593
-0.2962051690050859 -0.5444014789100593
-0.2962051690050859 -0.6129300956526764
-0.3244066544097289 -0.5444014789100593
-0.3103059117074074 -0.5957979414670221
-0.3103059117074074 -0.6471944040239851
-0.3244066544097289 -0.6814587123952937
-0.28210442630276444 -0.6471944040239851
-0.28210442630276444 -0.6300622498383307
-0.2539029408981215 -0.6129300956526764
-0.26800368360044297 -0.5786657872813679
-0.2539029408981215 -0.5615336330957136
-0.26800368360044297 -0.5444014789100593
-0.2257014554934785 -0.5444014789100593
-0.23980219819579998 -0.5786657872813679
-0.2539029408981215 -0.5615336330957136
-0.21160071279115703 -0.527269324724405
-0.23980219819579998 -0.5786657872813679
-0.23980219819579998 -0.5957979414670221
-0.2539029408981215 -0.5615336330957136
-0.28210442630276444 -0.5786657872813679
-0.2962051690050859 -0.5786657872813679
-0.28210442630276444 -0.5786657872813679
-0.2257014554934785 -0.4930050163530964
-0.18339922738651407 -0.5101371705387507
-0.14109699927954963 -0.4758728621674421
-0.11289551387490668 -0.45874070798178784
-0.0987947711725852 -0.44160855379613356
-0.07059328576794224 -0.45874070798178784
-0.12699625657722816 -0.44160855379613356
-0.11289551387490668 -0.45874070798178784
-0.0987947711725852 -0.44160855379613356
-0.0987947711725852 -0.39021209123917067
-0.07059328576794224 -0.3388156286822078
0.014011170445986633 -0.28741916612524493
0.04221265585062959 -0.21889054938262778
0.12681711206455845 -0.15036193264001063
0.12681711206455845 -0.11609762426870204
0.12681711206455845 -0.09896547008304775
0.11271636936223699 -0.09896547008304775
0.08451488395759403 -0.13322977845435632
0.04221265585062959 -0.11609762426870204
0.05631339855295107 -0.15036193264001063
0.05631339855295107 -0.1674940868256649
0.02811191314830811 -0.21889054938262778
0.014011170445986633 -0.25315485775393637
-8.957225633484616e-05 -0.28741916612524493
-8.957225633484616e-05 -0.3559477828678621
-0.07059328576794224 -0.3730799370535164
-0.0987947711725852 -0.39021209123917067
-0.1551977419818711 -0.4244763996104793
-0.1551977419818711 -0.39021209123917067
-0.21160071279115703 -0.407344245424825
-0.19749997008883555 -0.44160855379613356
-0.2257014554934785 -0.44160855379613356
-0.23980219819579998 -0.45874070798178784
-0.28210442630276444 -0.44160855379613356
-0.3244066544097289 -0.44160855379613356
-0.33850739711205036 -0.45874070798178784
-0.3808096252190148 -0.4930050163530964
-0.3667088825166933 -0.4930050163530964
-0.35260813981437183 -0.44160855379613356
-0.33850739711205036 -0.4930050163530964
-0.3103059117074074 -0.527269324724405
-0.26800368360044297 -0.5444014789100593
-0.2962051690050859 -0.5615336330957136
-0.28210442630276444 -0.5615336330957136
-0.2539029408981215 -0.527269324724405
-0.2257014554934785 -0.4758728621674421
-0.21160071279115703 -0.4244763996104793
-0.1692984846841926 -0.3730799370535164
-0.14109699927954963 -0.28741916612524493
-0.056492543065620765 -0.25315485775393637
0.014011170445986633 -0.15036193264001063
0.07041414125527255 -0.06470116171173917
0.12681711206455845 -0.06470116171173917
0.1832200828738444 0.020959609216532282
0.22552231098080883 0.07235607177349515
0.2537237963854518 0.1751489968874209
0.3101267671947377 0.1922811510730752
0.3101267671947377 0.27794192200134665
0.437033451515631 0.3807348471152724
0.5357386504318814 0.46639561804354385
0.7472497909667035 0.534924234786161
0.9023579606922398 0.6205850057144324
1.0574661304177762 0.7233779308283582
1.1843728147386694 0.7576422391996668
1.3112794990595626 0.8261708559422839
1.3535817271665271 0.8775673184992469
1.3958839552734916 0.8946994726849011
1.4240854406781345 0.9289637810562097
1.4804884114874204 1.066021014541444
1.5791936104036708 1.2202104022123326
1.7484025228315285 1.4429284066258383
2.1009210903895656 1.7513071819676156
2.4816411433522454 2.12821457405201
2.9328649098265327 2.539386274507713
3.4545923898124276 3.0533509000773416
3.9622191270960005 3.498786908904353
4.512148092486538 3.9099586093600562
4.892868145449218 4.115544459587908
5.076177800579398 3.9784872261026734
5.033875572472433 3.533051217275662
4.681357004914396 2.779236433106873
4.04682358330993 1.9054965696385042
3.116174564956712 1.0317567061701354
1.9740144060686722 0.3122062303726552
0.6626453347527747 -0.2017583951969735
-0.535917794944551 -0.5101371705387507
-1.5652720122140191 -0.8185159458805279
-2.1434024630091995 -1.1097625670366509
-2.2844098900324146 -1.3838770340071196
-2.101100234902235 -1.5723307300493168
-1.7767831527488411 -1.5723307300493168
-1.3255593862745538 -1.4524056507497367
-0.9307385906095524 -1.2810841088931937
-0.592320765753837 -0.9898374877370708
-0.3667088825166933 -0.7157230207666022
-0.2257014554934785 -0.4758728621674421
-0.19749997008883555 -0.27028701193959065
-0.18339922738651407 -0.1846262410113192
-0.2257014554934785 -0.15036193264001063
-0.2962051690050859 -0.13322977845435632
-0.28210442630276444 -0.1846262410113192
-0.33850739711205036 -0.21889054938262778
-0.3667088825166933 -0.21889054938262778
-0.33850739711205036 -0.27028701193959065
-0.3244066544097289 -0.23602270356828206
-0.3103059117074074 -0.25315485775393637
-0.3103059117074074 -0.1846262410113192
-0.2962051690050859 -0.15036193264001063
-0.23980219819579998 -0.13322977845435632
-0.2257014554934785 -0.11609762426870204
-0.23980219819579998 -0.11609762426870204
-0.2257014554934785 -0.13322977845435632
-0.19749997008883555 -0.09896547008304775
-0.21160071279115703 -0.13322977845435632
-0.2257014554934785 -0.1674940868256649
-0.2257014554934785 -0.15036193264001063
-0.2257014554934785 -0.1846262410113192
-0.21160071279115703 -0.15036193264001063
-0.23980219819579998 -0.09896547008304775
-0.21160071279115703 -0.11609762426870204
-0.1692984846841926 -0.08183331589739345
-0.19749997008883555 -0.04756900752608488
-0.19749997008883555 0.020959609216532282
-0.1692984846841926 -0.013304699154776299
-0.1692984846841926 0.020959609216532282
-0.1551977419818711 -0.013304699154776299
-0.19749997008883555 -0.06470116171173917
-0.19749997008883555 -0.03043685334043059
-0.2257014554934785 -0.08183331589739345
-0.19749997008883555 -0.06470116171173917
-0.2257014554934785 -0.04756900752608488
-0.1692984846841926 0.0038274550308779907
-0.1551977419818711 0.055223917587840864
-0.18339922738651407 0.03809176340218657
-0.14109699927954963 0.07235607177349515
-0.14109699927954963 0.08948822595914944
-0.0987947711725852 0.10662038014480374
-0.12699625657722816 0.07235607177349515
-0.11289551387490668 0.03809176340218657
-0.14109699927954963 0.020959609216532282
-0.1551977419818711 0.055223917587840864
-0.1551977419818711 0.08948822595914944
-0.18339922738651407 0.12375253433045802
-0.1551977419818711 0.1751489968874209
-0.0987947711725852 0.1922811510730752
-0.07059328576794224 0.2608097678156924
-0.04239180036329928 0.24367761363003806
-0.014190314958656325 0.29507407618700093
0.04221265585062959 0.27794192200134665
0.04221265585062959 0.29507407618700093
0.02811191314830811 0.29507407618700093
0.04221265585062959 0.27794192200134665
0.04221265585062959 0.29507407618700093
0.014011170445986633 0.3293383845583095
0.02811191314830811 0.3807348471152724
0.07041414125527255 0.43213130967223523
0.07041414125527255 0.4835277722291981
0.14091785476687996 0.5177920806005067
0.1832200828738444 0.5520563889718153
0.19732082557616587 0.5691885431574696
0.2396230536831303 0.5863206973431239
0.22552231098080883 0.6034528515287781
0.1832200828738444 0.6034528515287781
0.19732082557616587 0.5863206973431239
0.21142156827848735 0.654849314085741
0.21142156827848735 0.6719814682713953
0.21142156827848735 0.7233779308283582
0.26782453908777326 0.7576422391996668
0.3101267671947377 0.8261708559422839
0.3242275098970592 0.8090387017566296
0.3665297380040236 0.8090387017566296
0.3665297380040236 0.7919065475709753
0.33832825259938065 0.7405100850140125
0.33832825259938065 0.6719814682713953
0.3242275098970592 0.6891136224570497
0.2960260244924162 0.654849314085741
0.28192528179009474 0.5691885431574696
0.2396230536831303 0.5691885431574696
0.22552231098080883 0.5177920806005067
0.19732082557616587 0.46639561804354385
0.15501859746920144 0.41499915548658095
0.12681711206455845 0.3807348471152724
0.08451488395759403 0.3293383845583095
0.08451488395759403 0.24367761363003806
0.08451488395759403 0.22654545944438376
0.05631339855295107 0.1408846885161123
0.014011170445986633 0.10662038014480374
-8.957225633484616e-05 0.0038274550308779907
-0.04239180036329928 -0.04756900752608488
-0.12699625657722816 -0.06470116171173917
-0.14109699927954963 -0.09896547008304775
-0.12699625657722816 -0.09896547008304775
-0.14109699927954963 -0.13322977845435632
-0.1551977419818711 -0.06470116171173917
-0.1692984846841926 -0.11609762426870204
-0.12699625657722816 -0.11609762426870204
-0.14109699927954963 -0.15036193264001063
-0.1692984846841926 -0.15036193264001063
-0.18339922738651407 -0.2017583951969735
-0.19749997008883555 -0.27028701193959065
-0.2257014554934785 -0.27028701193959065
-0.23980219819579998 -0.28741916612524493
-0.28210442630276444 -0.28741916612524493
-0.2539029408981215 -0.28741916612524493
-0.23980219819579998 -0.25315485775393637
-0.18339922738651407 -0.21889054938262778
-0.18339922738651407 -0.21889054938262778
-0.1551977419818711 -0.23602270356828206
-0.1551977419818711 -0.23602270356828206
-0.1551977419818711 -0.1846262410113192
-0.1692984846841926 -0.23602270356828206
-0.21160071279115703 -0.25315485775393637
-0.21160071279115703 -0.25315485775393637
-0.26800368360044297 -0.25315485775393637
-0.23980219819579998 -0.25315485775393637
-0.21160071279115703 -0.28741916612524493
-0.18339922738651407 -0.27028701193959065
-0.12699625657722816 -0.23602270356828206
-0.0987947711725852 -0.25315485775393637
-0.12699625657722816 -0.21889054938262778
-0.0987947711725852 -0.25315485775393637
-0.14109699927954963 -0.27028701193959065
-0.1692984846841926 -0.28741916612524493
-0.1692984846841926 -0.32168347449655355
-0.18339922738651407 -0.39021209123917067
-0.18339922738651407 -0.32168347449655355
-0.1692984846841926 -0.3045513203108992
-0.1551977419818711 -0.27028701193959065
-0.14109699927954963 -0.21889054938262778
-0.1551977419818711 -0.23602270356828206
-0.12699625657722816 -0.25315485775393637
-0.12699625657722816 -0.28741916612524493
-0.14109699927954963 -0.3388156286822078
-0.11289551387490668 -0.3388156286822078
-0.1692984846841926 -0.3730799370535164
-0.12699625657722816 -0.3559477828678621
-0.1551977419818711 -0.3559477828678621
-0.14109699927954963 -0.3388156286822078
-0.1551977419818711 -0.28741916612524493
-0.11289551387490668 -0.28741916612524493
-0.12699625657722816 -0.3045513203108992
-0.11289551387490668 -0.3045513203108992
-0.11289551387490668 -0.28741916612524493
-0.12699625657722816 -0.3388156286822078
-0.11289551387490668 -0.3730799370535164
-0.12699625657722816 -0.3730799370535164
-0.11289551387490668 -0.3559477828678621
-0.14109699927954963 -0.407344245424825
-0.1551977419818711 -0.407344245424825
-0.14109699927954963 -0.3730799370535164
-0.1692984846841926 -0.407344245424825
-0.1551977419818711 -0.407344245424825
-0.1692984846841926 -0.407344245424825
-0.14109699927954963 -0.4244763996104793
-0.12699625657722816 -0.39021209123917067
-0.11289551387490668 -0.4244763996104793
-0.11289551387490668 -0.4244763996104793
-0.12699625657722816 -0.44160855379613356
-0.14109699927954963 -0.4930050163530964
-0.1692984846841926 -0.5101371705387507
-0.19749997008883555 -0.5101371705387507
-0.18339922738651407 -0.5101371705387507
-0.2257014554934785 -0.4930050163530964
-0.21160071279115703 -0.4930050163530964
-0.19749997008883555 -0.4758728621674421
-0.19749997008883555 -0.44160855379613356
-0.19749997008883555 -0.44160855379613356
-0.18339922738651407 -0.44160855379613356
-0.14109699927954963 -0.4244763996104793
-0.1551977419818711 -0.45874070798178784
-0.18339922738651407 -0.4930050163530964
-0.2257014554934785 -0.5615336330957136
-0.2539029408981215 -0.5444014789100593
-0.21160071279115703 -0.5101371705387507
-0.23980219819579998 -0.4930050163530964
-0.2257014554934785 -0.5101371705387507
-0.19749997008883555 -0.5101371705387507
-0.18339922738651407 -0.4930050163530964
-0.1692984846841926 -0.4758728621674421
-0.1692984846841926 -0.5101371705387507
-0.18339922738651407 -0.5101371705387507
-0.19749997008883555 -0.5615336330957136
-0.2257014554934785 -0.5786657872813679
-0.19749997008883555 -0.5957979414670221
-0.21160071279115703 -0.6471944040239851
-0.21160071279115703 -0.6129300956526764
-0.2257014554934785 -0.5615336330957136
-0.19749997008883555 -0.5786657872813679
-0.1692984846841926 -0.527269324724405
-0.18339922738651407 -0.4930050163530964
-0.1551977419818711 -0.4758728621674421
-0.1692984846841926 -0.45874070798178784
-0.1692984846841926 -0.4930050163530964
-0.1692984846841926 -0.5615336330957136
-0.1692984846841926 -0.5444014789100593
-0.19749997008883555 -0.5444014789100593
-0.1692984846841926 -0.5615336330957136
-0.1692984846841926 -0.5615336330957136
-0.19749997008883555 -0.5615336330957136
-0.1692984846841926 -0.527269324724405
-0.18339922738651407 -0.5101371705387507
-0.18339922738651407 -0.527269324724405
-0.1551977419818711 -0.5101371705387507
-0.1551977419818711 -0.4758728621674421
-0.1692984846841926 -0.4758728621674421
-0.14109699927954963 -0.5101371705387507
-0.14109699927954963 -0.5101371705387507
-0.12699625657722816 -0.5615336330957136
-0.1551977419818711 -0.527269324724405
-0.19749997008883555 -0.5444014789100593
-0.19749997008883555 -0.527269324724405
-0.2257014554934785 -0.527269324724405
-0.23980219819579998 -0.4758728621674421
-0.18339922738651407 -0.44160855379613356
-0.14109699927954963 -0.4244763996104793
-0.14109699927954963 -0.4244763996104793
-0.11289551387490668 -0.4244763996104793
-0.11289551387490668 -0.44160855379613356
-0.14109699927954963 -0.45874070798178784
-0.1692984846841926 -0.45874070798178784
-0.21160071279115703 -0.4930050163530964
-0.2257014554934785 -0.5444014789100593
-0.21160071279115703 -0.527269324724405
-0.1692984846841926 -0.5615336330957136
-0.1551977419818711 -0.527269324724405
-0.12699625657722816 -0.4758728621674421
-0.11289551387490668 -0.4244763996104793
-0.0987947711725852 -0.45874070798178784
-0.0987947711725852 -0.407344245424825
-0.1551977419818711 -0.44160855379613356
-0.1692984846841926 -0.5101371705387507
-0.21160071279115703 -0.527269324724405
-0.1692984846841926 -0.5444014789100593
-0.1692984846841926 -0.4930050163530964
-0.1692984846841926 -0.45874070798178784
-0.1551977419818711 -0.4930050163530964
-0.0987947711725852 -0.4244763996104793
-0.056492543065620765 -0.3730799370535164
-0.028291057660977805 -0.3559477828678621
0.04221265585062959 -0.32168347449655355
0.07041414125527255 -0.25315485775393637
0.07041414125527255 -0.27028701193959065
0.07041414125527255 -0.27028701193959065
0.07041414125527255 -0.27028701193959065
0.11271636936223699 -0.25315485775393637
0.14091785476687996 -0.2017583951969735
0.1832200828738444 -0.11609762426870204
0.21142156827848735 -0.08183331589739345
0.2396230536831303 -0.013304699154776299
0.22552231098080883 0.0038274550308779907
0.2537237963854518 0.03809176340218657
0.26782453908777326 0.03809176340218657
0.22552231098080883 0.0038274550308779907
0.2396230536831303 -0.013304699154776299
0.21142156827848735 -0.04756900752608488
0.1832200828738444 -0.06470116171173917
0.1832200828738444 -0.08183331589739345
0.11271636936223699 -0.1846262410113192
0.08451488395759403 -0.2017583951969735
0.07041414125527255 -0.25315485775393637
-0.014190314958656325 -0.28741916612524493
-0.014190314958656325 -0.28741916612524493
-0.028291057660977805 -0.32168347449655355
-8.957225633484616e-05 -0.3388156286822078
-0.014190314958656325 -0.3730799370535164
-0.04239180036329928 -0.3388156286822078
-0.056492543065620765 -0.3559477828678621
-0.0987947711725852 -0.39021209123917067
-0.14109699927954963 -0.4244763996104793
-0.18339922738651407 -0.4244763996104793
-0.23980219819579998 -0.4244763996104793
-0.28210442630276444 -0.44160855379613356
-0.23980219819579998 -0.4758728621674421
-0.21160071279115703 -0.4244763996104793
-0.1692984846841926 -0.45874070798178784
-0.1692984846841926 -0.4758728621674421
-0.11289551387490668 -0.407344245424825
-0.08469402847026372 -0.44160855379613356
-0.08469402847026372 -0.44160855379613356
-0.056492543065620765 -0.39021209123917067
-0.07059328576794224 -0.3730799370535164
-0.04239180036329928 -0.3388156286822078
-0.028291057660977805 -0.27028701193959065
0.05631339855295107 -0.2017583951969735
0.07041414125527255 -0.13322977845435632
0.1691193401715229 -0.03043685334043059
0.2396230536831303 0.03809176340218657
0.2960260244924162 0.07235607177349515
0.3242275098970592 0.1408846885161123
0.40883196611098804 0.1408846885161123
0.4511341942179525 0.24367761363003806
0.4934364223249169 0.3122062303726552
0.5498393931342028 0.3464705387439638
0.6485445920504532 0.44926346385788957
0.7472497909667035 0.5520563889718153
0.9023579606922398 0.6205850057144324
1.0574661304177762 0.6891136224570497
1.1984735574409908 0.7919065475709753
1.3253802417618843 0.8261708559422839
1.4522869260827775 0.8775673184992469
1.5227906395943849 0.9118316268705554
1.5650928677013494 0.9289637810562097
1.6073950958083139 0.9974923977988268
1.6778988093199212 1.1002853229127525
1.790704750938493 1.2202104022123326
1.9740144060686722 1.4086640982545298
2.199626289305816 1.64851425685369
2.594447084970817 1.9911573405667757
3.0174693660404617 2.4023290410224787
3.5109953606217132 2.899161512406453
4.018622097905286 3.3959939837904276
4.469845864379574 3.8756943009887475
4.892868145449218 4.321130309815759
5.217185227602612 4.4410553891153395
5.28768894111422 4.218337384701833
5.076177800579398 3.652976296575242
4.653155519509753 2.8135007414781814
3.905816156286715 1.9226287238241586
2.8623611963149256 1.1174174770984069
1.6919995520222426 0.6034528515287781
0.47933567962259543 0.22654545944438376
-0.6346229938608015 -0.08183331589739345
-1.4665668132977687 -0.3730799370535164
-1.917790579772056 -0.7328551749522565
-1.9882942932836634 -1.058366104479688
-1.8190853808558056 -1.3153484172645025
-1.4806675560000901 -1.4181413423784281
-1.1140482457397316 -1.4010091881927738
-0.7192274500747303 -1.2125554921505766
-0.46541408143294366 -0.938441025180108
-0.23980219819579998 -0.6643265582096394
-0.0987947711725852 -0.39021209123917067
-0.056492543065620765 -0.1846262410113192
-0.04239180036329928 -0.09896547008304775
-0.11289551387490668 -0.04756900752608488
-0.0987947711725852 -0.06470116171173917
-0.14109699927954963 -0.08183331589739345
-0.14109699927954963 -0.08183331589739345
-0.1692984846841926 -0.11609762426870204
-0.14109699927954963 -0.08183331589739345
-0.14109699927954963 -0.08183331589739345
-0.14109699927954963 -0.08183331589739345
-0.14109699927954963 -0.06470116171173917
-0.11289551387490668 0.020959609216532282
-0.07059328576794224 0.020959609216532282
-0.04239180036329928 0.055223917587840864
-0.014190314958656325 0.07235607177349515
-0.028291057660977805 0.0038274550308779907
-0.07059328576794224 -0.04756900752608488
-0.07059328576794224 -0.013304699154776299
-0.07059328576794224 -0.013304699154776299
-0.08469402847026372 -0.013304699154776299
-0.11289551387490668 -0.03043685334043059
-0.0987947711725852 0.0038274550308779907
-0.08469402847026372 0.055223917587840864
-0.0987947711725852 0.03809176340218657
-0.04239180036329928 0.055223917587840864
-0.028291057660977805 0.03809176340218657
0.014011170445986633 0.08948822595914944
-0.014190314958656325 0.08948822595914944
-0.028291057660977805 0.08948822595914944
-0.014190314958656325 0.08948822595914944
-0.014190314958656325 0.055223917587840864
-0.07059328576794224 0.055223917587840864
-0.028291057660977805 0.055223917587840864
-0.056492543065620765 0.07235607177349515
-0.028291057660977805 0.055223917587840864
-8.957225633484616e-05 0.10662038014480374
-8.957225633484616e-05 0.08948822595914944
0.02811191314830811 0.1408846885161123
0.05631339855295107 0.20941330525872948
0.04221265585062959 0.20941330525872948
0.07041414125527255 0.1751489968874209
0.08451488395759403 0.20941330525872948
0.04221265585062959 0.20941330525872948
0.02811191314830811 0.1751489968874209
0.07041414125527255 0.20941330525872948
0.07041414125527255 0.22654545944438376
0.07041414125527255 0.24367761363003806
0.05631339855295107 0.3293383845583095
0.12681711206455845 0.3636026929296181
0.14091785476687996 0.3807348471152724
0.1691193401715229 0.44926346385788957
0.1832200828738444 0.5006599264148525
0.22552231098080883 0.5520563889718153
0.2537237963854518 0.5520563889718153
0.26782453908777326 0.534924234786161
0.26782453908777326 0.5177920806005067
0.2537237963854518 0.5863206973431239
0.2396230536831303 0.6377171599000867
0.2537237963854518 0.6891136224570497
0.28192528179009474 0.7576422391996668
0.2960260244924162 0.8090387017566296
0.35242899530170213 0.8775673184992469
0.4229327088133095 0.9118316268705554
0.4511341942179525 0.8775673184992469
0.46523493692027396 0.8433030101279382
0.4511341942179525 0.8946994726849011
0.46523493692027396 0.8946994726849011
0.46523493692027396 0.8946994726849011
0.4229327088133095 0.8946994726849011
0.4511341942179525 0.9118316268705554
0.4511341942179525 0.946095935241864
0.5075371650272384 1.0146245519844812
0.5639401358365244 1.0488888603557898
0.6062423639434887 1.066021014541444
0.6062423639434887 1.134549631284061
0.6203431066458103 1.066021014541444
0.6062423639434887 1.066021014541444
0.5921416212411673 1.0488888603557898
0.5639401358365244 1.0146245519844812
0.5357386504318814 0.946095935241864
0.5075371650272384 0.9289637810562097
0.4934364223249169 0.8604351643135925
0.46523493692027396 0.8604351643135925
0.4511341942179525 0.7919065475709753
0.3806304807063451 0.7576422391996668
0.39473122340866656 0.7233779308283582
0.35242899530170213 0.6377171599000867
0.33832825259938065 0.5691885431574696
0.28192528179009474 0.534924234786161
0.2537237963854518 0.41499915548658095
0.21142156827848735 0.3807348471152724
0.1832200828738444 0.27794192200134665
0.12681711206455845 0.1922811510730752
0.08451488395759403 0.1580168427017666
0.07041414125527255 0.12375253433045802
0.02811191314830811 0.12375253433045802
0.014011170445986633 0.08948822595914944
0.014011170445986633 0.07235607177349515
-0.014190314958656325 0.08948822595914944
-8.957225633484616e-05 0.07235607177349515
-0.014190314958656325 0.0038274550308779907
-8.957225633484616e-05 0.020959609216532282
-0.028291057660977805 -0.06470116171173917
-0.056492543065620765 -0.08183331589739345
-0.08469402847026372 -0.11609762426870204
-0.12699625657722816 -0.09896547008304775
-0.14109699927954963 -0.13322977845435632
-0.12699625657722816 -0.09896547008304775
-0.08469402847026372 -0.06470116171173917
-0.08469402847026372 -0.09896547008304775
-0.056492543065620765 -0.03043685334043059
-0.056492543065620765 -0.06470116171173917
-0.056492543065620765 -0.08183331589739345
-0.056492543065620765 -0.09896547008304775
-0.08469402847026372 -0.13322977845435632
-0.11289551387490668 -0.1846262410113192
-0.11289551387490668 -0.1846262410113192
-0.1551977419818711 -0.13322977845435632
-0.12699625657722816 -0.15036193264001063
-0.11289551387490668 -0.15036193264001063
-0.08469402847026372 -0.09896547008304775
-0.056492543065620765 -0.06470116171173917
-0.014190314958656325 -0.06470116171173917
-0.014190314958656325 -0.06470116171173917
-0.014190314958656325 -0.11609762426870204
-0.014190314958656325 -0.06470116171173917
-0.04239180036329928 -0.06470116171173917
-0.028291057660977805 -0.15036193264001063
-0.028291057660977805 -0.15036193264001063
-0.04239180036329928 -0.13322977845435632
-0.014190314958656325 -0.2017583951969735
-0.028291057660977805 -0.2017583951969735
-0.014190314958656325 -0.2017583951969735
-8.957225633484616e-05 -0.1846262410113192
-0.014190314958656325 -0.11609762426870204
0.02811191314830811 -0.13322977845435632
0.02811191314830811 -0.1846262410113192
0.02811191314830811 -0.1846262410113192
0.04221265585062959 -0.2017583951969735
-0.028291057660977805 -0.23602270356828206
-0.0987947711725852 -0.23602270356828206
-0.04239180036329928 -0.27028701193959065
-0.04239180036329928 -0.25315485775393637
-0.08469402847026372 -0.23602270356828206
-0.07059328576794224 -0.21889054938262778
-0.04239180036329928 -0.27028701193959065
-0.04239180036329928 -0.25315485775393637
-8.957225633484616e-05 -0.27028701193959065
-8.957225633484616e-05 -0.27028701193959065
-0.014190314958656325 -0.28741916612524493
-0.014190314958656325 -0.3045513203108992
-0.04239180036329928 -0.3388156286822078
-0.07059328576794224 -0.3388156286822078
-0.11289551387490668 -0.39021209123917067
-0.12699625657722816 -0.32168347449655355
-0.08469402847026372 -0.3045513203108992
-0.07059328576794224 -0.28741916612524493
-0.04239180036329928 -0.27028701193959065
-0.014190314958656325 -0.27028701193959065
-8.957225633484616e-05 -0.27028701193959065
-0.028291057660977805 -0.3388156286822078
-0.028291057660977805 -0.3045513203108992
-0.0987947711725852 -0.3045513203108992
-0.11289551387490668 -0.32168347449655355
-0.0987947711725852 -0.3045513203108992
-0.11289551387490668 -0.3559477828678621
-0.11289551387490668 -0.3388156286822078
-0.0987947711725852 -0.3388156286822078
-0.0987947711725852 -0.44160855379613356
-0.07059328576794224 -0.4758728621674421
-0.0987947711725852 -0.44160855379613356
-0.11289551387490668 -0.4244763996104793
-0.0987947711725852 -0.407344245424825
-0.08469402847026372 -0.4244763996104793
-0.11289551387490668 -0.4758728621674421
-0.12699625657722816 -0.5101371705387507
-0.12699625657722816 -0.527269324724405
-0.12699625657722816 -0.527269324724405
-0.1551977419818711 -0.5444014789100593
-0.1551977419818711 -0.4930050163530964
-0.1551977419818711 -0.407344245424825
-0.12699625657722816 -0.407344245424825
-0.12699625657722816 -0.407344245424825
-0.14109699927954963 -0.4244763996104793
-0.11289551387490668 -0.407344245424825
-0.11289551387490668 -0.407344245424825
-0.0987947711725852 -0.4244763996104793
-0.08469402847026372 -0.44160855379613356
-0.11289551387490668 -0.4758728621674421
-0.12699625657722816 -0.44160855379613356
-0.1551977419818711 -0.44160855379613356
-0.18339922738651407 -0.45874070798178784
-0.1551977419818711 -0.44160855379613356
-0.12699625657722816 -0.407344245424825
-0.11289551387490668 -0.3730799370535164
-0.11289551387490668 -0.39021209123917067
-0.08469402847026372 -0.407344245424825
-0.12699625657722816 -0.44160855379613356
-0.12699625657722816 -0.44160855379613356
-0.14109699927954963 -0.45874070798178784
-0.1692984846841926 -0.45874070798178784
-0.18339922738651407 -0.4758728621674421
-0.1692984846841926 -0.45874070798178784
-0.1692984846841926 -0.44160855379613356
-0.1692984846841926 -0.45874070798178784
-0.14109699927954963 -0.44160855379613356
-0.0987947711725852 -0.44160855379613356
-0.0987947711725852 -0.39021209123917067
-0.11289551387490668 -0.4758728621674421
-0.12699625657722816 -0.4930050163530964
-0.1692984846841926 -0.4758728621674421
-0.14109699927954963 -0.5101371705387507
-0.18339922738651407 -0.5101371705387507
-0.1692984846841926 -0.45874070798178784
-0.11289551387490668 -0.4758728621674421
-0.14109699927954963 -0.4244763996104793
-0.11289551387490668 -0.4244763996104793
-0.0987947711725852 -0.4244763996104793
-0.0987947711725852 -0.39021209123917067
-0.08469402847026372 -0.4244763996104793
-0.14109699927954963 -0.44160855379613356
-0.0987947711725852 -0.4244763996104793
-0.08469402847026372 -0.407344245424825
-0.0987947711725852 -0.44160855379613356
-0.11289551387490668 -0.44160855379613356
-0.11289551387490668 -0.44160855379613356
-0.12699625657722816 -0.44160855379613356
-0.1551977419818711 -0.44160855379613356
-0.12699625657722816 -0.39021209123917067
-0.14109699927954963 -0.407344245424825
-0.12699625657722816 -0.3559477828678621
-0.11289551387490668 -0.3730799370535164
-0.056492543065620765 -0.3388156286822078
-0.04239180036329928 -0.3388156286822078
-0.056492543065620765 -0.3730799370535164
-0.056492543065620765 -0.407344245424825
-0.07059328576794224 -0.45874070798178784
-0.04239180036329928 -0.4930050163530964
-0.07059328576794224 -0.45874070798178784
-0.056492543065620765 -0.39021209123917067
-0.028291057660977805 -0.3388156286822078
0.014011170445986633 -0.3045513203108992
0.09861562665991551 -0.28741916612524493
0.11271636936223699 -0.25315485775393637
0.14091785476687996 -0.1846262410113192
0.1832200828738444 -0.2017583951969735
0.21142156827848735 -0.13322977845435632
0.22552231098080883 -0.1674940868256649
0.2396230536831303 -0.15036193264001063
0.2537237963854518 -0.1674940868256649
0.28192528179009474 -0.08183331589739345
0.3242275098970592 -0.06470116171173917
0.3665297380040236 -0.04756900752608488
0.35242899530170213 0.03809176340218657
0.3665297380040236 0.07235607177349515
0.3806304807063451 0.10662038014480374
0.35242899530170213 0.08948822595914944
0.28192528179009474 0.03809176340218657
0.26782453908777326 -0.013304699154776299
0.2537237963854518 -0.06470116171173917
0.22552231098080883 -0.15036193264001063
0.1691193401715229 -0.23602270356828206
0.12681711206455845 -0.28741916612524493
0.08451488395759403 -0.3045513203108992
0.05631339855295107 -0.3045513203108992
0.07041414125527255 -0.28741916612524493
0.04221265585062959 -0.27028701193959065
0.04221265585062959 -0.27028701193959065
0.02811191314830811 -0.3045513203108992
-8.957225633484616e-05 -0.3045513203108992
-0.014190314958656325 -0.3388156286822078
-0.08469402847026372 -0.3730799370535164
-0.11289551387490668 -0.407344245424825
-0.12699625657722816 -0.44160855379613356
-0.1551977419818711 -0.4758728621674421
-0.1692984846841926 -0.4758728621674421
-0.1692984846841926 -0.44160855379613356
-0.12699625657722816 -0.44160855379613356
-0.08469402847026372 -0.3730799370535164
-0.056492543065620765 -0.39021209123917067
-0.014190314958656325 -0.3559477828678621
0.02811191314830811 -0.32168347449655355
0.07041414125527255 -0.3045513203108992
0.07041414125527255 -0.3045513203108992
0.07041414125527255 -0.27028701193959065
0.08451488395759403 -0.2017583951969735
0.12681711206455845 -0.1674940868256649
0.12681711206455845 -0.15036193264001063
0.22552231098080883 -0.03043685334043059
0.28192528179009474 0.055223917587840864
0.3806304807063451 0.10662038014480374
0.4511341942179525 0.1922811510730752
0.5498393931342028 0.27794192200134665
0.5921416212411673 0.3807348471152724
0.6485445920504532 0.43213130967223523
0.7049475628597391 0.46639561804354385
0.7754512763713465 0.5177920806005067
0.8459549898829539 0.5863206973431239
1.0433653877154545 0.654849314085741
1.1984735574409908 0.7576422391996668
1.3394809844642057 0.8604351643135925
1.466387668785099 0.9289637810562097
1.5650928677013494 1.0488888603557898
1.6355965812129567 1.0831531687270983
1.6778988093199212 1.134549631284061
1.7484025228315285 1.2202104022123326
1.8330069790454575 1.3401354815119126
2.058618862282601 1.5457213317397642
2.3265329736267093 1.8198357987102327
2.7213537692917105 2.1796110366089727
3.2430812492776053 2.659311353807293
3.8071109573704645 3.190408133562576
4.371140665463324 3.738637067503513
4.878767402746897 4.149808767959216
5.203084484900291 4.303998155630105
5.329991169221184 4.132676613773562
5.188983742197969 3.5159190630900077
4.780062203830647 2.625047045435984
4.060924326012251 1.64851425685369
3.1020738222543907 0.7062457766427039
1.9740144060686722 -0.013304699154776299
0.7049475628597391 -0.5444014789100593
-0.5077163095399081 -0.8356481000661823
-1.4665668132977687 -1.058366104479688
-2.0446972640929495 -1.2810841088931937
-2.129301720306878 -1.4181413423784281
-1.8613876089627701 -1.4866699591210453
-1.353760871679197 -1.4181413423784281
-0.8179326489909806 -1.2810841088931937
-0.35260813981437183 -1.0069696419227252
0.02811191314830811 -0.7842516375092193
0.21142156827848735 -0.5101371705387507
0.19732082557616587 -0.32168347449655355
0.12681711206455845 -0.11609762426870204
0.014011170445986633 -0.06470116171173917
-0.07059328576794224 -0.06470116171173917
-0.12699625657722816 -0.03043685334043059
-0.1551977419818711 -0.06470116171173917
-0.07059328576794224 -0.04756900752608488
-0.028291057660977805 -0.09896547008304775
0.02811191314830811 -0.08183331589739345
0.02811191314830811 -0.09896547008304775
0.04221265585062959 -0.09896547008304775
0.014011170445986633 -0.09896547008304775
-8.957225633484616e-05 -0.08183331589739345
-0.028291057660977805 -0.06470116171173917
-0.08469402847026372 -0.06470116171173917
-0.056492543065620765 -0.08183331589739345
-0.04239180036329928 -0.03043685334043059
0.02811191314830811 0.0038274550308779907
0.04221265585062959 0.07235607177349515
0.04221265585062959 0.07235607177349515
0.07041414125527255 0.03809176340218657
0.08451488395759403 0.07235607177349515
0.02811191314830811 0.0038274550308779907
0.04221265585062959 -0.013304699154776299
-0.014190314958656325 0.055223917587840864
-0.014190314958656325 -0.013304699154776299
-0.014190314958656325 0.055223917587840864
-8.957225633484616e-05 0.055223917587840864
0.02811191314830811 0.07235607177349515
0.02811191314830811 0.12375253433045802
0.07041414125527255 0.1580168427017666
0.08451488395759403 0.1751489968874209
0.07041414125527255 0.1580168427017666
0.07041414125527255 0.1751489968874209
0.05631339855295107 0.12375253433045802
0.07041414125527255 0.10662038014480374
0.05631339855295107 0.10662038014480374
0.04221265585062959 0.1408846885161123
0.05631339855295107 0.22654545944438376
0.02811191314830811 0.22654545944438376
0.05631339855295107 0.29507407618700093
0.09861562665991551 0.3464705387439638
0.14091785476687996 0.3464705387439638
0.15501859746920144 0.3293383845583095
0.1691193401715229 0.3464705387439638
0.14091785476687996 0.3464705387439638
0.1832200828738444 0.3293383845583095
0.15501859746920144 0.3464705387439638
0.12681711206455845 0.3807348471152724
0.15501859746920144 0.41499915548658095
0.14091785476687996 0.43213130967223523
0.1691193401715229 0.5177920806005067
0.21142156827848735 0.5691885431574696
0.22552231098080883 0.6377171599000867
0.28192528179009474 0.6891136224570497
0.2960260244924162 0.6891136224570497
0.28192528179009474 0.7405100850140125
0.3101267671947377 0.7747743933853211
0.33832825259938065 0.7576422391996668
0.3101267671947377 0.8261708559422839
0.3242275098970592 0.8261708559422839
0.33832825259938065 0.8433030101279382
0.3665297380040236 0.9118316268705554
0.3665297380040236 0.9289637810562097
0.40883196611098804 0.9632280894275183
0.4229327088133095 0.9803602436131725
0.47933567962259543 1.0488888603557898
0.5075371650272384 1.1174174770984069
0.5357386504318814 1.1516817854697154
0.5498393931342028 1.1688139396553698
0.5216379077295599 1.134549631284061
0.5216379077295599 1.185946093841024
0.4934364223249169 1.1516817854697154
0.5216379077295599 1.1516817854697154
0.5075371650272384 1.185946093841024
0.47933567962259543 1.2544747105836411
0.5216379077295599 1.2544747105836411
0.5639401358365244 1.2716068647692955
0.6062423639434887 1.2716068647692955
0.6203431066458103 1.2544747105836411
0.6203431066458103 1.237342556397987
0.5780408785388458 1.185946093841024
0.5357386504318814 1.0831531687270983
0.47933567962259543 1.0488888603557898
0.46523493692027396 0.9289637810562097
0.39473122340866656 0.7919065475709753
0.3806304807063451 0.7233779308283582
0.3665297380040236 0.6719814682713953
0.3806304807063451 0.6377171599000867
0.3665297380040236 0.6034528515287781
0.33832825259938065 0.5177920806005067
0.28192528179009474 0.46639561804354385
0.2537237963854518 0.39786700130092667
0.21142156827848735 0.3293383845583095
0.1691193401715229 0.24367761363003806
0.15501859746920144 0.1751489968874209
0.14091785476687996 0.10662038014480374
0.07041414125527255 0.08948822595914944
0.05631339855295107 0.07235607177349515
